20 0.680841 0.280177 0.725076 0.280177 0.725076 0.332660 0.680841 0.332660
26 0.318012 0.348251 0.368333 0.348251 0.368333 0.415366 0.318012 0.415366
21 0.605352 0.468865 0.649587 0.468865 0.649587 0.521348 0.605352 0.521348
14 0.680841 0.465946 0.725076 0.465946 0.725076 0.518428 0.680841 0.518428
59 0.587737 0.642967 0.636927 0.642967 0.636927 0.707116 0.587737 0.707116
0 0.662003 0.639078 0.711193 0.639078 0.711193 0.703227 0.662003 0.703227
2 0.740000 0.637128 0.789205 0.637128 0.789205 0.701277 0.740000 0.701277
59 0.255612 0.582624 0.309786 0.582624 0.309786 0.650709 0.255612 0.650709
25 0.333654 0.582648 0.387829 0.582648 0.387829 0.650721 0.333654 0.650721
13 0.536804 0.286052 0.581040 0.286052 0.581040 0.338522 0.536804 0.338522
14 0.748777 0.281158 0.793012 0.281158 0.793012 0.333629 0.748777 0.333629
29 0.607859 0.281158 0.652095 0.281158 0.652095 0.333629 0.607859 0.333629
