31 0.550295 0.904904 0.562543 0.904904 0.562543 0.940165 0.550295 0.940165
29 0.566264 0.902204 0.578512 0.902204 0.578512 0.937466 0.566264 0.937466
20 0.583736 0.902204 0.595984 0.902204 0.595984 0.937466 0.583736 0.937466
9 0.602372 0.903554 0.614620 0.903554 0.614620 0.938815 0.602372 0.938815
6 0.619473 0.902204 0.631721 0.902204 0.631721 0.937466 0.619473 0.937466
16 0.637721 0.902204 0.649969 0.902204 0.649969 0.937466 0.637721 0.937466
29 0.655581 0.899504 0.667829 0.899504 0.667829 0.934766 0.655581 0.934766
8 0.373922 0.900193 0.386171 0.900193 0.386171 0.935455 0.373922 0.935455
31 0.340837 0.904242 0.353085 0.904242 0.353085 0.939504 0.340837 0.939504
0 0.355674 0.903554 0.367922 0.903554 0.367922 0.938815 0.355674 0.938815
8 0.391783 0.898843 0.404031 0.898843 0.404031 0.934105 0.391783 0.934105
16 0.409643 0.901543 0.421891 0.901543 0.421891 0.936804 0.409643 0.936804
13 0.427132 0.901543 0.439380 0.901543 0.439380 0.936804 0.427132 0.936804
13 0.444620 0.900854 0.456868 0.900854 0.456868 0.936116 0.444620 0.936116
9 0.462868 0.900854 0.475116 0.900854 0.475116 0.936116 0.462868 0.936116
2 0.479597 0.901543 0.491845 0.901543 0.491845 0.936804 0.479597 0.936804
6 0.496698 0.901543 0.508946 0.901543 0.508946 0.936804 0.496698 0.936804
16 0.516837 0.901543 0.529085 0.901543 0.529085 0.936804 0.516837 0.936804
