22 0.306547 0.804567 0.330625 0.804567 0.330625 0.845669 0.306547 0.845669
24 0.274438 0.803701 0.298500 0.803701 0.298500 0.844787 0.274438 0.844787
9 0.338375 0.804016 0.362453 0.804016 0.362453 0.845102 0.338375 0.845102
28 0.370219 0.804567 0.394281 0.804567 0.394281 0.845669 0.370219 0.845669
4 0.402609 0.804016 0.426672 0.804016 0.426672 0.845102 0.402609 0.845102
9 0.432766 0.804016 0.456828 0.804016 0.456828 0.845102 0.432766 0.845102
28 0.465156 0.804016 0.489219 0.804016 0.489219 0.845102 0.465156 0.845102
26 0.496984 0.803449 0.521047 0.803449 0.521047 0.844535 0.496984 0.844535
57 0.560094 0.805134 0.584156 0.805134 0.584156 0.846220 0.560094 0.846220
0 0.593594 0.805701 0.617656 0.805701 0.617656 0.846787 0.593594 0.846787
29 0.624875 0.805134 0.648937 0.805134 0.648937 0.846220 0.624875 0.846220
16 0.657266 0.804016 0.681328 0.804016 0.681328 0.845102 0.657266 0.845102
22 0.689094 0.804016 0.713156 0.804016 0.713156 0.845102 0.689094 0.845102
