31 0.318121 0.762551 0.341171 0.762551 0.341171 0.800646 0.318121 0.800646
22 0.350448 0.762929 0.373512 0.762929 0.373512 0.801024 0.350448 0.801024
16 0.380939 0.762929 0.404003 0.762929 0.404003 0.801024 0.380939 0.801024
13 0.413671 0.762929 0.436720 0.762929 0.436720 0.801024 0.413671 0.801024
29 0.444913 0.762929 0.467962 0.762929 0.467962 0.801024 0.444913 0.801024
22 0.477630 0.764551 0.500694 0.764551 0.500694 0.802646 0.477630 0.802646
20 0.508873 0.762929 0.531922 0.762929 0.531922 0.801024 0.508873 0.801024
20 0.542341 0.762929 0.565390 0.762929 0.565390 0.801024 0.542341 0.801024
12 0.575058 0.764551 0.598121 0.764551 0.598121 0.802646 0.575058 0.802646
13 0.607038 0.764551 0.630101 0.764551 0.630101 0.802646 0.607038 0.802646
