36 0.536528 0.661870 0.572047 0.661870 0.572047 0.704173 0.536528 0.704173
10 0.397953 0.309291 0.433446 0.309291 0.433446 0.351594 0.397953 0.351594
9 0.449870 0.307264 0.485389 0.307264 0.485389 0.349567 0.449870 0.349567
22 0.504689 0.307264 0.540181 0.307264 0.540181 0.349567 0.504689 0.349567
13 0.555052 0.307264 0.590570 0.307264 0.590570 0.349567 0.555052 0.349567
29 0.608394 0.306693 0.643886 0.306693 0.643886 0.349016 0.608394 0.349016
26 0.376528 0.664114 0.412047 0.664114 0.412047 0.706417 0.376528 0.706417
22 0.429119 0.661870 0.464637 0.661870 0.464637 0.704173 0.429119 0.704173
20 0.483212 0.661870 0.518705 0.661870 0.518705 0.704173 0.483212 0.704173
28 0.592850 0.661299 0.628342 0.661299 0.628342 0.703602 0.592850 0.703602
24 0.645440 0.660177 0.680933 0.660177 0.680933 0.702480 0.645440 0.702480
