29 0.386786 0.420976 0.392815 0.420976 0.392815 0.428898 0.386786 0.428898
20 0.394097 0.420992 0.400126 0.420992 0.400126 0.428898 0.394097 0.428898
57 0.401639 0.420992 0.407668 0.420992 0.407668 0.428898 0.401639 0.428898
16 0.409181 0.420614 0.415210 0.420614 0.415210 0.428520 0.409181 0.428520
22 0.416218 0.421354 0.422248 0.421354 0.422248 0.429276 0.416218 0.429276
59 0.432311 0.420992 0.438340 0.420992 0.438340 0.428898 0.432311 0.428898
0 0.439853 0.421354 0.445882 0.421354 0.445882 0.429276 0.439853 0.429276
6 0.385546 0.435213 0.391576 0.435213 0.391576 0.443134 0.385546 0.443134
9 0.393739 0.435748 0.399769 0.435748 0.399769 0.442504 0.393739 0.442504
10 0.400882 0.435528 0.407353 0.435528 0.407353 0.443449 0.400882 0.443449
29 0.409496 0.435843 0.415525 0.435843 0.415525 0.443764 0.409496 0.443764
14 0.423782 0.435748 0.430672 0.435748 0.430672 0.443606 0.423782 0.443606
3 0.439538 0.435528 0.445567 0.435528 0.445567 0.443449 0.439538 0.443449
59 0.454454 0.435685 0.460483 0.435685 0.460483 0.443606 0.454454 0.443606
0 0.461807 0.435843 0.467836 0.435843 0.467836 0.443764 0.461807 0.443764
