26 0.740683 0.391823 0.746739 0.391823 0.746739 0.404751 0.740683 0.404751
6 0.142904 0.373536 0.150637 0.373536 0.150637 0.392210 0.142904 0.392210
0 0.153680 0.373039 0.161413 0.373039 0.161413 0.391713 0.153680 0.391713
24 0.163059 0.375000 0.170792 0.375000 0.170792 0.393674 0.163059 0.393674
9 0.172453 0.375000 0.180186 0.375000 0.180186 0.393674 0.172453 0.393674
16 0.181568 0.375967 0.189301 0.375967 0.189301 0.394641 0.181568 0.394641
13 0.190963 0.375000 0.199845 0.375000 0.199845 0.395580 0.190963 0.395580
29 0.209472 0.377956 0.217205 0.377956 0.217205 0.396630 0.209472 0.396630
20 0.218028 0.377956 0.225761 0.377956 0.225761 0.396630 0.218028 0.396630
9 0.227422 0.378425 0.235155 0.378425 0.235155 0.397099 0.227422 0.397099
6 0.236258 0.378425 0.243991 0.378425 0.243991 0.397099 0.236258 0.397099
16 0.245652 0.378425 0.253385 0.378425 0.253385 0.397099 0.245652 0.397099
29 0.254208 0.379420 0.261941 0.379420 0.261941 0.398094 0.254208 0.398094
22 0.388199 0.389227 0.395637 0.389227 0.395637 0.407459 0.388199 0.407459
0 0.397158 0.390608 0.404596 0.390608 0.404596 0.408149 0.397158 0.408149
12 0.405450 0.388950 0.412888 0.388950 0.412888 0.407182 0.405450 0.407182
14 0.415124 0.389503 0.421739 0.389503 0.421739 0.408149 0.415124 0.408149
36 0.431957 0.390055 0.439394 0.390055 0.439394 0.407182 0.431957 0.407182
14 0.440528 0.389503 0.447966 0.389503 0.447966 0.407182 0.440528 0.407182
22 0.556118 0.385829 0.562748 0.385829 0.562748 0.402541 0.556118 0.402541
24 0.548370 0.386298 0.555000 0.386298 0.555000 0.403011 0.548370 0.403011
9 0.564674 0.386298 0.571304 0.386298 0.571304 0.403011 0.564674 0.403011
28 0.572407 0.386298 0.579037 0.386298 0.579037 0.403011 0.572407 0.403011
12 0.580140 0.386298 0.587888 0.386298 0.587888 0.403011 0.580140 0.403011
9 0.588696 0.385304 0.595326 0.385304 0.595326 0.402017 0.588696 0.402017
28 0.596165 0.385304 0.602795 0.385304 0.602795 0.402017 0.596165 0.402017
26 0.604441 0.386298 0.611071 0.386298 0.611071 0.403011 0.604441 0.403011
57 0.620466 0.386298 0.627096 0.386298 0.627096 0.403011 0.620466 0.403011
0 0.627919 0.384834 0.634550 0.384834 0.634550 0.401519 0.627919 0.401519
29 0.635932 0.385801 0.642562 0.385801 0.642562 0.402514 0.635932 0.402514
16 0.643898 0.385304 0.650528 0.385304 0.650528 0.401989 0.643898 0.401989
22 0.651568 0.385856 0.658199 0.385856 0.658199 0.402569 0.651568 0.402569
16 0.748199 0.391326 0.754503 0.391326 0.754503 0.404254 0.748199 0.404254
28 0.755854 0.391326 0.761196 0.391326 0.761196 0.404972 0.755854 0.404972
13 0.770124 0.389779 0.776553 0.389779 0.776553 0.404254 0.770124 0.404254
20 0.792950 0.390221 0.798913 0.390221 0.798913 0.405249 0.792950 0.405249
0 0.079752 0.936630 0.089161 0.936630 0.089161 0.962486 0.079752 0.962486
8 0.091832 0.934641 0.101242 0.934641 0.101242 0.960497 0.091832 0.960497
8 0.103230 0.933453 0.112640 0.933453 0.112640 0.959309 0.103230 0.959309
16 0.115311 0.933066 0.124720 0.933066 0.124720 0.958923 0.115311 0.958923
13 0.127158 0.932265 0.136568 0.932265 0.136568 0.958122 0.127158 0.958122
13 0.138106 0.929088 0.147531 0.929088 0.147531 0.954945 0.138106 0.954945
9 0.149969 0.928674 0.159379 0.928674 0.159379 0.954530 0.149969 0.954530
2 0.161584 0.928287 0.171009 0.928287 0.171009 0.954144 0.161584 0.954144
6 0.173214 0.927486 0.182640 0.927486 0.182640 0.953343 0.173214 0.953343
16 0.185963 0.926298 0.195373 0.926298 0.195373 0.952155 0.185963 0.952155
29 0.207873 0.924309 0.217298 0.924309 0.217298 0.950166 0.207873 0.950166
20 0.218835 0.921519 0.228245 0.921519 0.228245 0.947376 0.218835 0.947376
9 0.230916 0.920718 0.240326 0.920718 0.240326 0.946575 0.230916 0.946575
6 0.242081 0.920331 0.251506 0.920331 0.251506 0.946188 0.242081 0.946188
16 0.253043 0.919144 0.262453 0.919144 0.262453 0.945000 0.253043 0.945000
29 0.264674 0.917541 0.274084 0.917541 0.274084 0.943398 0.264674 0.943398
13 0.372453 0.917928 0.381366 0.917928 0.381366 0.943785 0.372453 0.943785
29 0.384006 0.916740 0.392081 0.916740 0.392081 0.942597 0.384006 0.942597
0 0.393696 0.915166 0.401770 0.915166 0.401770 0.941022 0.393696 0.941022
9 0.404643 0.915552 0.412717 0.915552 0.412717 0.941409 0.404643 0.941409
22 0.415155 0.914365 0.423230 0.914365 0.423230 0.938950 0.415155 0.938950
13 0.427003 0.912376 0.435078 0.912376 0.435078 0.937017 0.427003 0.937017
24 0.447578 0.908591 0.455652 0.908591 0.455652 0.933260 0.447578 0.933260
20 0.457422 0.907403 0.465497 0.907403 0.465497 0.932044 0.457422 0.932044
57 0.468602 0.907403 0.476677 0.907403 0.476677 0.932044 0.468602 0.932044
28 0.478432 0.906602 0.486506 0.906602 0.486506 0.931271 0.478432 0.931271
22 0.620124 0.904448 0.628199 0.904448 0.628199 0.929088 0.620124 0.929088
0 0.629752 0.903343 0.637842 0.903343 0.637842 0.927983 0.629752 0.927983
12 0.639301 0.901851 0.647376 0.901851 0.647376 0.926492 0.639301 0.926492
14 0.648851 0.900304 0.656925 0.900304 0.656925 0.924945 0.648851 0.924945
24 0.667950 0.897818 0.676025 0.897818 0.676025 0.922459 0.667950 0.922459
20 0.677888 0.896713 0.685978 0.896713 0.685978 0.921354 0.677888 0.921354
57 0.687671 0.893398 0.695745 0.893398 0.695745 0.918039 0.687671 0.918039
28 0.697935 0.892293 0.706009 0.892293 0.706009 0.916934 0.697935 0.916934
6 0.801879 0.885276 0.809783 0.885276 0.809783 0.909917 0.801879 0.909917
0 0.810885 0.885000 0.818960 0.885000 0.818960 0.909641 0.810885 0.909641
24 0.820047 0.884724 0.828121 0.884724 0.828121 0.909365 0.820047 0.909365
9 0.829674 0.883619 0.837748 0.883619 0.837748 0.908260 0.829674 0.908260
16 0.838680 0.882790 0.846755 0.882790 0.846755 0.907459 0.838680 0.907459
13 0.848463 0.881409 0.855590 0.881409 0.855590 0.906050 0.848463 0.906050
22 0.865078 0.878646 0.873152 0.878646 0.873152 0.903315 0.865078 0.903315
16 0.874084 0.877818 0.882158 0.877818 0.882158 0.902486 0.874084 0.902486
13 0.883711 0.875608 0.891786 0.875608 0.891786 0.900249 0.883711 0.900249
29 0.892717 0.876713 0.900792 0.876713 0.900792 0.901354 0.892717 0.901354
18 0.909332 0.872293 0.917407 0.872293 0.917407 0.896934 0.909332 0.896934
20 0.918649 0.871464 0.926724 0.871464 0.926724 0.896105 0.918649 0.896105
20 0.927500 0.870359 0.935575 0.870359 0.935575 0.895028 0.927500 0.895028
40 0.936196 0.868425 0.943168 0.868425 0.943168 0.893094 0.936196 0.893094
