9 0.528814 0.467329 0.553805 0.467329 0.553805 0.529314 0.528814 0.529314
13 0.798159 0.435225 0.814938 0.435225 0.814938 0.479196 0.798159 0.479196
14 0.837345 0.428605 0.856071 0.428605 0.856071 0.469173 0.837345 0.469173
29 0.816531 0.433924 0.833310 0.433924 0.833310 0.477896 0.816531 0.477896
29 0.496283 0.468558 0.529204 0.468558 0.529204 0.547045 0.496283 0.547045
12 0.557274 0.464965 0.584779 0.464965 0.584779 0.536407 0.557274 0.536407
16 0.587504 0.464965 0.617699 0.464965 0.617699 0.517258 0.587504 0.517258
8 0.639115 0.453097 0.659646 0.453097 0.659646 0.510165 0.639115 0.510165
6 0.663097 0.448345 0.686195 0.448345 0.686195 0.508983 0.663097 0.508983
20 0.687080 0.452009 0.712035 0.452009 0.712035 0.510165 0.687080 0.510165
4 0.726230 0.445863 0.751150 0.445863 0.751150 0.498345 0.726230 0.498345
29 0.768142 0.442317 0.783540 0.442317 0.783540 0.488889 0.768142 0.488889
