0 0.532836 0.798508 0.543375 0.798508 0.543375 0.818867 0.532836 0.818867
0 0.261180 0.795801 0.271553 0.795801 0.271553 0.815387 0.261180 0.815387
24 0.275135 0.795414 0.285901 0.795414 0.285901 0.815193 0.275135 0.815193
24 0.289441 0.794972 0.300207 0.794972 0.300207 0.814751 0.289441 0.814751
6 0.303747 0.797376 0.314513 0.797376 0.314513 0.817155 0.303747 0.817155
4 0.323437 0.796906 0.332505 0.796906 0.332505 0.817265 0.323437 0.817265
8 0.333582 0.796133 0.343271 0.796133 0.343271 0.816492 0.333582 0.816492
18 0.347184 0.796133 0.357702 0.796133 0.357702 0.816492 0.347184 0.816492
9 0.362195 0.796602 0.372712 0.796602 0.372712 0.816961 0.362195 0.816961
16 0.375776 0.796602 0.386315 0.796602 0.386315 0.816961 0.375776 0.816961
10 0.390807 0.797072 0.401346 0.797072 0.401346 0.817431 0.390807 0.817431
12 0.419441 0.798039 0.429959 0.798039 0.429959 0.818398 0.419441 0.818398
16 0.433395 0.798039 0.443913 0.798039 0.443913 0.818398 0.433395 0.818398
29 0.446977 0.799475 0.457516 0.799475 0.457516 0.819834 0.446977 0.819834
22 0.461656 0.799475 0.472174 0.799475 0.472174 0.819834 0.461656 0.819834
20 0.475238 0.800414 0.485776 0.800414 0.485776 0.820773 0.475238 0.820773
6 0.490269 0.799475 0.500807 0.799475 0.500807 0.819834 0.490269 0.819834
9 0.504224 0.798508 0.514741 0.798508 0.514741 0.818867 0.504224 0.818867
29 0.518882 0.799475 0.529420 0.799475 0.529420 0.819834 0.518882 0.819834
28 0.547867 0.799945 0.558406 0.799945 0.558406 0.821823 0.547867 0.821823
12 0.576501 0.799945 0.587019 0.799945 0.587019 0.821271 0.576501 0.821271
0 0.590807 0.800414 0.601325 0.800414 0.601325 0.820773 0.590807 0.820773
26 0.605114 0.799945 0.615631 0.799945 0.615631 0.820304 0.605114 0.820304
9 0.620497 0.800912 0.631014 0.800912 0.631014 0.821271 0.620497 0.821271
13 0.634451 0.802818 0.644969 0.802818 0.644969 0.823177 0.634451 0.823177
29 0.648758 0.802818 0.659296 0.802818 0.659296 0.824033 0.648758 0.824033
22 0.663437 0.803757 0.673954 0.803757 0.673954 0.824116 0.663437 0.824116
0 0.677743 0.803757 0.688261 0.803757 0.688261 0.824116 0.677743 0.824116
29 0.692754 0.802818 0.703292 0.802818 0.703292 0.823177 0.692754 0.823177
16 0.707081 0.802818 0.718219 0.802818 0.718219 0.823177 0.707081 0.823177
