29 0.223463 0.725249 0.240171 0.725249 0.240171 0.770525 0.223463 0.770525
0 0.246258 0.724254 0.262966 0.724254 0.262966 0.769503 0.246258 0.769503
29 0.269798 0.724254 0.286506 0.724254 0.286506 0.769503 0.269798 0.769503
0 0.292950 0.722901 0.309658 0.722901 0.309658 0.768149 0.292950 0.768149
8 0.340792 0.721547 0.357500 0.721547 0.357500 0.766796 0.340792 0.766796
20 0.364720 0.721547 0.381413 0.721547 0.381413 0.769503 0.364720 0.769503
28 0.389394 0.723564 0.406102 0.723564 0.406102 0.770276 0.389394 0.770276
13 0.412547 0.722845 0.429255 0.722845 0.429255 0.769558 0.412547 0.769558
36 0.436848 0.724199 0.453556 0.724199 0.453556 0.770912 0.436848 0.770912
6 0.461522 0.724862 0.478230 0.724862 0.478230 0.771575 0.461522 0.771575
29 0.485450 0.724862 0.502158 0.724862 0.502158 0.771575 0.485450 0.771575
0 0.509752 0.722155 0.526444 0.722155 0.526444 0.768867 0.509752 0.768867
28 0.534037 0.723508 0.550745 0.723508 0.550745 0.770221 0.534037 0.770221
8 0.557578 0.724199 0.574286 0.724199 0.574286 0.770912 0.557578 0.770912
60 0.582267 0.724199 0.598960 0.724199 0.598960 0.770912 0.582267 0.770912
13 0.630093 0.723508 0.646801 0.723508 0.646801 0.770221 0.630093 0.770221
16 0.653634 0.722155 0.670342 0.722155 0.670342 0.768867 0.653634 0.768867
22 0.678323 0.723508 0.695016 0.723508 0.695016 0.770221 0.678323 0.770221
38 0.703370 0.723508 0.720078 0.723508 0.720078 0.770221 0.703370 0.770221
9 0.727671 0.723508 0.744379 0.723508 0.744379 0.770221 0.727671 0.770221
8 0.751972 0.720138 0.768680 0.720138 0.768680 0.766851 0.751972 0.766851
16 0.775124 0.719448 0.791832 0.719448 0.791832 0.766188 0.775124 0.766188
13 0.800575 0.722155 0.817267 0.722155 0.817267 0.768867 0.800575 0.768867
16 0.220435 0.790028 0.237143 0.790028 0.237143 0.836768 0.220435 0.836768
44 0.243851 0.791160 0.260559 0.791160 0.260559 0.837873 0.243851 0.837873
14 0.267904 0.790028 0.284612 0.790028 0.284612 0.836768 0.267904 0.836768
16 0.291941 0.788923 0.308649 0.788923 0.308649 0.835635 0.291941 0.835635
22 0.316304 0.788923 0.333012 0.788923 0.333012 0.835635 0.316304 0.835635
9 0.339720 0.790028 0.356429 0.790028 0.356429 0.836768 0.339720 0.836768
16 0.364394 0.788923 0.381102 0.788923 0.381102 0.835635 0.364394 0.835635
28 0.388447 0.790028 0.405155 0.790028 0.405155 0.836768 0.388447 0.836768
8 0.412811 0.790028 0.429503 0.790028 0.429503 0.836768 0.412811 0.836768
16 0.436848 0.790028 0.453556 0.790028 0.453556 0.836768 0.436848 0.836768
8 0.485575 0.789475 0.502283 0.789475 0.502283 0.836188 0.485575 0.836188
16 0.509938 0.790608 0.526646 0.790608 0.526646 0.837320 0.509938 0.837320
22 0.534301 0.791160 0.551009 0.791160 0.551009 0.837873 0.534301 0.837873
29 0.558665 0.792293 0.575373 0.792293 0.575373 0.839006 0.558665 0.839006
0 0.582065 0.791160 0.598773 0.791160 0.598773 0.837873 0.582065 0.837873
9 0.608012 0.788923 0.624720 0.788923 0.624720 0.835635 0.608012 0.835635
28 0.632065 0.791160 0.648773 0.791160 0.648773 0.837873 0.632065 0.837873
29 0.656429 0.790028 0.673137 0.790028 0.673137 0.836768 0.656429 0.836768
60 0.680466 0.791740 0.697174 0.791740 0.697174 0.838453 0.680466 0.838453
39 0.705652 0.790608 0.722360 0.790608 0.722360 0.837320 0.705652 0.837320
