12 0.240000 0.597818 0.260491 0.597818 0.260491 0.663978 0.240000 0.663978
0 0.270012 0.594945 0.290503 0.594945 0.290503 0.661105 0.270012 0.661105
0 0.301313 0.594945 0.321804 0.594945 0.321804 0.661105 0.301313 0.661105
59 0.334515 0.594945 0.355006 0.594945 0.355006 0.661105 0.334515 0.661105
0 0.362613 0.593508 0.383104 0.593508 0.383104 0.659669 0.362613 0.659669
0 0.395190 0.592072 0.415681 0.592072 0.415681 0.658204 0.395190 0.658204
39 0.429031 0.589199 0.449521 0.589199 0.449521 0.655331 0.429031 0.655331
25 0.456491 0.587762 0.476982 0.587762 0.476982 0.653895 0.456491 0.653895
16 0.487791 0.589199 0.508282 0.589199 0.508282 0.655331 0.487791 0.655331
39 0.519080 0.587762 0.539571 0.587762 0.539571 0.653895 0.519080 0.653895
8 0.547178 0.586326 0.567669 0.586326 0.567669 0.652459 0.547178 0.652459
25 0.578466 0.584890 0.598957 0.584890 0.598957 0.651022 0.578466 0.651022
0 0.606564 0.583453 0.627055 0.583453 0.627055 0.649586 0.606564 0.649586
39 0.641693 0.582017 0.662184 0.582017 0.662184 0.648149 0.641693 0.648149
25 0.667877 0.583453 0.688368 0.583453 0.688368 0.649586 0.667877 0.649586
25 0.698528 0.579144 0.719018 0.579144 0.719018 0.645276 0.698528 0.645276
16 0.727902 0.579144 0.748393 0.579144 0.748393 0.645276 0.727902 0.645276
