8 0.231365 0.747851 0.254355 0.747851 0.254355 0.832948 0.231365 0.832948
22 0.264864 0.745647 0.287854 0.745647 0.287854 0.830744 0.264864 0.830744
35 0.298412 0.745647 0.321402 0.745647 0.321402 0.830744 0.298412 0.830744
2 0.329789 0.745647 0.352779 0.745647 0.352779 0.830744 0.329789 0.830744
35 0.363784 0.743719 0.386774 0.743719 0.386774 0.828788 0.363784 0.828788
24 0.394280 0.739862 0.417270 0.739862 0.417270 0.824931 0.394280 0.824931
2 0.426526 0.739862 0.449516 0.739862 0.449516 0.824931 0.426526 0.824931
25 0.457903 0.735978 0.480893 0.735978 0.480893 0.821074 0.457903 0.821074
35 0.490149 0.734050 0.513139 0.734050 0.513139 0.819118 0.490149 0.819118
0 0.519789 0.733085 0.542779 0.733085 0.542779 0.818154 0.519789 0.818154
24 0.550720 0.733085 0.573710 0.733085 0.573710 0.818154 0.550720 0.818154
