9 0.276343 0.604199 0.289607 0.604199 0.289607 0.631685 0.276343 0.631685
28 0.295413 0.604199 0.308698 0.604199 0.308698 0.631685 0.295413 0.631685
8 0.332252 0.604199 0.345537 0.604199 0.345537 0.631685 0.332252 0.631685
0 0.351116 0.603619 0.364401 0.603619 0.364401 0.631105 0.351116 0.631105
13 0.368678 0.605912 0.381963 0.605912 0.381963 0.633398 0.368678 0.633398
16 0.387955 0.605912 0.401240 0.605912 0.401240 0.633398 0.387955 0.633398
20 0.423946 0.605912 0.437231 0.605912 0.437231 0.633398 0.423946 0.633398
10 0.443223 0.605331 0.456508 0.605331 0.456508 0.632845 0.443223 0.632845
10 0.479215 0.605912 0.492500 0.605912 0.492500 0.633398 0.479215 0.633398
9 0.497645 0.606492 0.510909 0.606492 0.510909 0.633978 0.497645 0.633978
22 0.515537 0.605691 0.528822 0.605691 0.528822 0.633204 0.515537 0.633204
16 0.534112 0.605691 0.547376 0.605691 0.547376 0.633204 0.534112 0.633204
36 0.570517 0.608564 0.583802 0.608564 0.583802 0.636050 0.570517 0.636050
13 0.589091 0.609033 0.602376 0.609033 0.602376 0.636547 0.589091 0.636547
16 0.607645 0.608564 0.620930 0.608564 0.620930 0.636050 0.607645 0.636050
13 0.644773 0.609530 0.658058 0.609530 0.658058 0.637017 0.644773 0.637017
29 0.662624 0.610000 0.675909 0.610000 0.675909 0.637486 0.662624 0.637486
0 0.679773 0.610000 0.693058 0.610000 0.693058 0.637486 0.679773 0.637486
9 0.699401 0.610939 0.712686 0.610939 0.712686 0.638453 0.699401 0.638453
22 0.718326 0.610939 0.731612 0.610939 0.731612 0.638453 0.718326 0.638453
13 0.735661 0.611547 0.748946 0.611547 0.748946 0.639061 0.735661 0.639061
24 0.274194 0.667569 0.287459 0.667569 0.287459 0.695055 0.274194 0.695055
20 0.292045 0.669475 0.305310 0.669475 0.305310 0.696961 0.292045 0.696961
28 0.330599 0.670414 0.343884 0.670414 0.343884 0.697928 0.330599 0.697928
20 0.349153 0.670414 0.362438 0.670414 0.362438 0.697928 0.349153 0.697928
29 0.367376 0.670414 0.380640 0.670414 0.380640 0.697928 0.367376 0.697928
36 0.405579 0.670414 0.418843 0.670414 0.418843 0.697928 0.405579 0.697928
13 0.423058 0.671851 0.436343 0.671851 0.436343 0.699337 0.423058 0.699337
16 0.441983 0.670912 0.455269 0.670912 0.455269 0.698398 0.441983 0.698398
16 0.479483 0.670912 0.492748 0.670912 0.492748 0.698398 0.479483 0.698398
6 0.496963 0.672818 0.510248 0.672818 0.510248 0.700304 0.496963 0.700304
16 0.516240 0.672818 0.529525 0.672818 0.529525 0.700304 0.516240 0.700304
38 0.534463 0.673757 0.547727 0.673757 0.547727 0.701243 0.534463 0.701243
0 0.552314 0.673757 0.565599 0.673757 0.565599 0.701243 0.552314 0.701243
29 0.571240 0.673757 0.584504 0.673757 0.584504 0.701243 0.571240 0.701243
20 0.589442 0.674227 0.602727 0.674227 0.602727 0.701740 0.589442 0.701740
22 0.607645 0.675193 0.620930 0.675193 0.620930 0.702680 0.607645 0.702680
