6 0.212065 0.642818 0.232935 0.642818 0.232935 0.699171 0.212065 0.699171
36 0.241040 0.640083 0.261910 0.640083 0.261910 0.696436 0.241040 0.696436
13 0.270404 0.638702 0.291273 0.638702 0.291273 0.695055 0.270404 0.695055
18 0.299006 0.637320 0.319860 0.637320 0.319860 0.693674 0.299006 0.693674
29 0.358121 0.635939 0.378975 0.635939 0.378975 0.692320 0.358121 0.692320
18 0.386708 0.633895 0.407578 0.633895 0.407578 0.690249 0.386708 0.690249
16 0.416071 0.632514 0.436941 0.632514 0.436941 0.688867 0.416071 0.688867
29 0.473649 0.631133 0.494503 0.631133 0.494503 0.687486 0.473649 0.687486
20 0.502624 0.629751 0.523494 0.629751 0.523494 0.686133 0.502624 0.686133
9 0.531599 0.626326 0.552469 0.626326 0.552469 0.682680 0.531599 0.682680
6 0.560202 0.628370 0.581056 0.628370 0.581056 0.684751 0.560202 0.684751
16 0.588789 0.624945 0.609658 0.624945 0.609658 0.681298 0.588789 0.681298
29 0.618152 0.626326 0.639022 0.626326 0.639022 0.682680 0.618152 0.682680
0 0.182702 0.734227 0.203556 0.734227 0.203556 0.790608 0.182702 0.790608
10 0.210901 0.734227 0.231770 0.734227 0.231770 0.790608 0.210901 0.790608
29 0.241040 0.736989 0.261910 0.736989 0.261910 0.793343 0.241040 0.793343
16 0.270016 0.735608 0.290885 0.735608 0.290885 0.791989 0.270016 0.791989
22 0.299006 0.734227 0.319860 0.734227 0.319860 0.790608 0.299006 0.790608
36 0.357733 0.729420 0.378602 0.729420 0.378602 0.785801 0.357733 0.785801
16 0.240652 0.827735 0.261522 0.827735 0.261522 0.884088 0.240652 0.884088
29 0.298618 0.826354 0.319472 0.826354 0.319472 0.882707 0.298618 0.882707
20 0.329519 0.827044 0.350388 0.827044 0.350388 0.883398 0.329519 0.883398
9 0.357733 0.823591 0.378602 0.823591 0.378602 0.879972 0.357733 0.879972
6 0.387873 0.823591 0.408727 0.823591 0.408727 0.879972 0.387873 0.879972
16 0.418385 0.821547 0.439255 0.821547 0.439255 0.877901 0.418385 0.877901
29 0.447376 0.822238 0.468230 0.822238 0.468230 0.878591 0.447376 0.878591
8 0.505714 0.818094 0.526584 0.818094 0.526584 0.874475 0.505714 0.874475
6 0.535078 0.816740 0.555947 0.816740 0.555947 0.873094 0.535078 0.873094
16 0.564053 0.816050 0.584922 0.816050 0.584922 0.872403 0.564053 0.872403
0 0.591879 0.813978 0.612748 0.813978 0.612748 0.870331 0.591879 0.870331
28 0.622019 0.813978 0.642888 0.813978 0.642888 0.870331 0.622019 0.870331
13 0.388261 0.728066 0.409115 0.728066 0.409115 0.784420 0.388261 0.784420
16 0.416848 0.728729 0.437717 0.728729 0.437717 0.785110 0.416848 0.785110
4 0.475186 0.725304 0.496056 0.725304 0.496056 0.781657 0.475186 0.781657
16 0.503789 0.721188 0.524643 0.721188 0.524643 0.777541 0.503789 0.777541
16 0.533152 0.722569 0.554006 0.722569 0.554006 0.778923 0.533152 0.778923
14 0.560963 0.722569 0.581832 0.722569 0.581832 0.778923 0.560963 0.778923
29 0.181925 0.831851 0.202795 0.831851 0.202795 0.888204 0.181925 0.888204
18 0.210901 0.830470 0.231770 0.830470 0.231770 0.886851 0.210901 0.886851
10 0.183478 0.642127 0.204348 0.642127 0.204348 0.698481 0.183478 0.698481
