6 0.447216 0.710468 0.476454 0.710468 0.476454 0.767493 0.447216 0.767493
4 0.492454 0.684353 0.522680 0.684353 0.522680 0.738981 0.492454 0.738981
59 0.528866 0.670083 0.559175 0.670083 0.559175 0.729477 0.528866 0.729477
25 0.557361 0.653444 0.583134 0.653444 0.583134 0.705785 0.557361 0.705785
2 0.584021 0.647521 0.607216 0.647521 0.607216 0.692562 0.584021 0.692562
4 0.624124 0.624959 0.651546 0.624959 0.651546 0.671350 0.624124 0.671350
25 0.651588 0.608320 0.674639 0.608320 0.674639 0.655923 0.651588 0.655923
25 0.679155 0.597631 0.703918 0.597631 0.703918 0.636832 0.679155 0.636832
13 0.412371 0.716419 0.437320 0.716419 0.437320 0.784132 0.412371 0.784132
0 0.700495 0.582204 0.725381 0.582204 0.725381 0.611846 0.700495 0.611846
