57 0.101314 0.645332 0.110497 0.645332 0.110497 0.662986 0.101314 0.662986
0 0.112202 0.645213 0.121385 0.645213 0.121385 0.662844 0.112202 0.662844
13 0.123606 0.644123 0.132771 0.644123 0.132771 0.661777 0.123606 0.661777
18 0.134796 0.644384 0.143961 0.644384 0.143961 0.662038 0.134796 0.662038
0 0.157176 0.643578 0.166341 0.643578 0.166341 0.661232 0.157176 0.661232
22 0.169378 0.643033 0.178561 0.643033 0.178561 0.660687 0.169378 0.660687
16 0.180568 0.642488 0.189751 0.642488 0.189751 0.660142 0.180568 0.660142
0 0.191563 0.643033 0.200728 0.643033 0.200728 0.660687 0.191563 0.660687
57 0.351385 0.635900 0.360568 0.635900 0.360568 0.653531 0.351385 0.653531
0 0.361545 0.636374 0.370728 0.636374 0.370728 0.654005 0.361545 0.654005
13 0.371670 0.635900 0.380853 0.635900 0.380853 0.653531 0.371670 0.653531
18 0.382860 0.635900 0.392043 0.635900 0.392043 0.653531 0.382860 0.653531
8 0.399734 0.634005 0.408917 0.634005 0.408917 0.651635 0.399734 0.651635
22 0.413943 0.634479 0.423126 0.634479 0.423126 0.652109 0.413943 0.652109
16 0.424600 0.634242 0.433783 0.634242 0.433783 0.651872 0.424600 0.651872
0 0.434369 0.634005 0.443552 0.634005 0.443552 0.651635 0.434369 0.651635
57 0.578472 0.627559 0.587638 0.627559 0.587638 0.645190 0.578472 0.645190
0 0.588277 0.627844 0.595737 0.627844 0.595737 0.645474 0.588277 0.645474
13 0.598082 0.627275 0.606039 0.627275 0.606039 0.644905 0.598082 0.644905
18 0.607460 0.627559 0.615631 0.627559 0.615631 0.645190 0.607460 0.645190
0 0.626856 0.628981 0.634352 0.628981 0.634352 0.646611 0.626856 0.646611
22 0.636874 0.626422 0.644583 0.626422 0.644583 0.644052 0.636874 0.644052
48 0.646288 0.627180 0.654707 0.627180 0.654707 0.644810 0.646288 0.644810
0 0.655844 0.626422 0.662877 0.626422 0.662877 0.644052 0.655844 0.644052
8 0.821847 0.587180 0.828774 0.587180 0.828774 0.604810 0.821847 0.604810
36 0.831101 0.586896 0.838721 0.586896 0.838721 0.604526 0.831101 0.604526
12 0.840053 0.586896 0.847602 0.586896 0.847602 0.604526 0.840053 0.604526
2 0.849005 0.586327 0.855933 0.586327 0.855933 0.603957 0.849005 0.603957
48 0.857744 0.586327 0.865364 0.586327 0.865364 0.603957 0.857744 0.603957
22 0.866696 0.586327 0.874067 0.586327 0.874067 0.603957 0.866696 0.603957
6 0.875222 0.586043 0.882149 0.586043 0.882149 0.603673 0.875222 0.603673
0 0.884174 0.586043 0.891101 0.586043 0.891101 0.603673 0.884174 0.603673
28 0.892487 0.586043 0.899822 0.586043 0.899822 0.603697 0.892487 0.603697
24 0.901012 0.585758 0.909414 0.585758 0.909414 0.603389 0.901012 0.603389
