12 0.312813 0.559598 0.356525 0.559598 0.356525 0.617329 0.312813 0.617329
0 0.367234 0.550520 0.402719 0.550520 0.402719 0.589291 0.367234 0.589291
6 0.419196 0.532388 0.457920 0.532388 0.457920 0.588463 0.419196 0.588463
16 0.468251 0.515508 0.516076 0.515508 0.516076 0.564184 0.468251 0.564184
22 0.566903 0.485366 0.608936 0.485366 0.608936 0.538156 0.566903 0.538156
16 0.614704 0.472175 0.654374 0.472175 0.654374 0.518345 0.614704 0.518345
13 0.665012 0.454846 0.698842 0.454846 0.698842 0.507636 0.665012 0.507636
29 0.711111 0.439740 0.744113 0.439740 0.744113 0.497494 0.711111 0.497494
22 0.748322 0.433404 0.787943 0.433404 0.787943 0.480378 0.748322 0.480378
20 0.790426 0.423499 0.830733 0.423499 0.830733 0.463924 0.790426 0.463924
20 0.831631 0.411939 0.871229 0.411939 0.871229 0.452364 0.831631 0.452364
12 0.871229 0.395461 0.910875 0.395461 0.910875 0.438345 0.871229 0.438345
