22 0.455944 0.780440 0.471651 0.780440 0.471651 0.850469 0.455944 0.850469
12 0.655820 0.791818 0.671527 0.791818 0.671527 0.861848 0.655820 0.861848
8 0.345841 0.776979 0.361548 0.776979 0.361548 0.847009 0.345841 0.847009
20 0.366935 0.778710 0.382642 0.778710 0.382642 0.848710 0.366935 0.848710
28 0.389422 0.778710 0.405129 0.778710 0.405129 0.848710 0.389422 0.848710
10 0.412828 0.780440 0.428535 0.780440 0.428535 0.850469 0.412828 0.850469
16 0.433457 0.782199 0.449164 0.782199 0.449164 0.852229 0.433457 0.852229
16 0.478122 0.782199 0.493829 0.782199 0.493829 0.852229 0.478122 0.852229
28 0.499370 0.785718 0.515077 0.785718 0.515077 0.855718 0.499370 0.855718
8 0.521238 0.783959 0.536945 0.783959 0.536945 0.853959 0.521238 0.853959
16 0.544025 0.783959 0.559732 0.783959 0.559732 0.853959 0.544025 0.853959
22 0.588060 0.785718 0.603767 0.785718 0.603767 0.855718 0.588060 0.855718
20 0.610237 0.787449 0.625944 0.787449 0.625944 0.857478 0.610237 0.857478
20 0.632415 0.792698 0.648122 0.792698 0.648122 0.862727 0.632415 0.862727
