0 0.127354 0.091097 0.144990 0.091097 0.144990 0.113728 0.127354 0.113728
0 0.102441 0.121781 0.120078 0.121781 0.120078 0.144411 0.102441 0.144411
0 0.600449 0.100625 0.618701 0.100625 0.618701 0.123256 0.600449 0.123256
0 0.257031 0.180821 0.275293 0.180821 0.275293 0.203452 0.257031 0.203452
0 0.578730 0.167006 0.596982 0.167006 0.596982 0.189637 0.578730 0.189637
0 0.205322 0.248670 0.225137 0.248670 0.225137 0.271301 0.205322 0.271301
0 0.417354 0.240385 0.437168 0.240385 0.437168 0.263009 0.417354 0.263009
0 0.662422 0.229520 0.682236 0.229520 0.682236 0.252151 0.662422 0.252151
0 0.289023 0.311272 0.308838 0.311272 0.308838 0.333903 0.289023 0.333903
0 0.341201 0.310560 0.361016 0.310560 0.361016 0.329360 0.341201 0.329360
0 0.502529 0.304840 0.522344 0.304840 0.522344 0.327471 0.502529 0.327471
0 0.236104 0.381308 0.255918 0.381308 0.255918 0.403939 0.236104 0.403939
0 0.504346 0.371548 0.524160 0.371548 0.524160 0.394172 0.504346 0.394172
0 0.131865 0.450109 0.151680 0.450109 0.151680 0.472740 0.131865 0.472740
0 0.237227 0.448328 0.257041 0.448328 0.257041 0.470952 0.237227 0.470952
0 0.372734 0.444353 0.392549 0.444353 0.392549 0.466984 0.372734 0.466984
0 0.616006 0.436417 0.635820 0.436417 0.635820 0.459048 0.616006 0.459048
0 0.239219 0.515640 0.259033 0.515640 0.259033 0.538270 0.239219 0.538270
0 0.374619 0.511352 0.394434 0.511352 0.394434 0.533983 0.374619 0.533983
0 0.619170 0.505392 0.638984 0.505392 0.638984 0.528023 0.619170 0.528023
0 0.567803 0.576061 0.587617 0.576061 0.587617 0.598692 0.567803 0.598692
0 0.378691 0.650414 0.398506 0.650414 0.398506 0.673045 0.378691 0.673045
0 0.297510 0.723045 0.317324 0.723045 0.317324 0.747943 0.297510 0.747943
0 0.407363 0.720189 0.427178 0.720189 0.427178 0.745087 0.407363 0.745087
0 0.355264 0.793823 0.375078 0.793823 0.375078 0.818721 0.355264 0.818721
0 0.551162 0.791679 0.570977 0.791679 0.570977 0.816577 0.551162 0.816577
0 0.330781 0.867035 0.350596 0.867035 0.350596 0.891926 0.330781 0.891926
0 0.470664 0.866795 0.490479 0.866795 0.490479 0.891693 0.470664 0.891693
0 0.526992 0.866076 0.546807 0.866076 0.546807 0.890974 0.526992 0.890974
0 0.584297 0.865603 0.604111 0.865603 0.604111 0.890501 0.584297 0.890501
22 0.497422 0.171054 0.515674 0.171054 0.515674 0.193685 0.497422 0.193685
42 0.524629 0.168438 0.544531 0.168438 0.544531 0.191061 0.524629 0.191061
4 0.443008 0.173437 0.461260 0.173437 0.461260 0.196068 0.443008 0.196068
20 0.470215 0.171773 0.488467 0.171773 0.488467 0.194397 0.470215 0.194397
59 0.103076 0.091301 0.120713 0.091301 0.120713 0.113932 0.103076 0.113932
2 0.150830 0.089906 0.168467 0.089906 0.168467 0.112536 0.150830 0.112536
57 0.152764 0.120923 0.170391 0.120923 0.170391 0.143547 0.152764 0.143547
2 0.204492 0.119440 0.222119 0.119440 0.222119 0.142071 0.204492 0.142071
20 0.230420 0.118009 0.248047 0.118009 0.248047 0.140640 0.230420 0.140640
6 0.256338 0.116824 0.273975 0.116824 0.273975 0.139448 0.256338 0.139448
20 0.283555 0.115153 0.301182 0.115153 0.301182 0.137783 0.283555 0.137783
29 0.310117 0.113721 0.327744 0.113721 0.327744 0.136352 0.310117 0.136352
16 0.336045 0.112297 0.353682 0.112297 0.353682 0.134927 0.336045 0.134927
12 0.387578 0.110153 0.405215 0.110153 0.405215 0.132783 0.387578 0.132783
16 0.415430 0.109201 0.433057 0.109201 0.433057 0.131831 0.415430 0.131831
24 0.441357 0.107289 0.458984 0.107289 0.458984 0.129920 0.441357 0.129920
57 0.468262 0.105865 0.486514 0.105865 0.486514 0.128496 0.468262 0.128496
16 0.495459 0.104913 0.513711 0.104913 0.513711 0.127544 0.495459 0.127544
24 0.522354 0.103241 0.540605 0.103241 0.540605 0.125872 0.522354 0.125872
9 0.548594 0.102289 0.566846 0.102289 0.566846 0.124920 0.548594 0.124920
8 0.576123 0.100625 0.594375 0.100625 0.594375 0.123256 0.576123 0.123256
22 0.655508 0.097762 0.673760 0.097762 0.673760 0.120392 0.655508 0.120392
45 0.683672 0.096097 0.701934 0.096097 0.701934 0.118728 0.683672 0.118728
44 0.710547 0.094193 0.730371 0.094193 0.730371 0.117805 0.710547 0.117805
16 0.738730 0.093241 0.756982 0.093241 0.756982 0.115865 0.738730 0.115865
29 0.765938 0.091061 0.785156 0.091061 0.785156 0.114680 0.765938 0.114680
1 0.792510 0.092522 0.810762 0.092522 0.810762 0.115153 0.792510 0.115153
12 0.103066 0.185821 0.121318 0.185821 0.121318 0.208452 0.103066 0.208452
16 0.128359 0.184397 0.146611 0.184397 0.146611 0.207028 0.128359 0.207028
24 0.152686 0.183917 0.170937 0.183917 0.170937 0.206548 0.152686 0.206548
57 0.179570 0.184397 0.197822 0.184397 0.197822 0.207028 0.179570 0.207028
16 0.205820 0.183205 0.224072 0.183205 0.224072 0.205836 0.205820 0.205836
25 0.231426 0.181061 0.249678 0.181061 0.249678 0.203692 0.231426 0.203692
29 0.284883 0.179629 0.303135 0.179629 0.303135 0.202260 0.284883 0.202260
14 0.338018 0.177485 0.356270 0.177485 0.356270 0.200116 0.338018 0.200116
20 0.363301 0.176294 0.381563 0.176294 0.381563 0.198924 0.363301 0.198924
24 0.390195 0.174390 0.408447 0.174390 0.408447 0.197020 0.390195 0.197020
26 0.552158 0.167958 0.570410 0.167958 0.570410 0.190589 0.552158 0.190589
12 0.605293 0.165334 0.623545 0.165334 0.623545 0.187965 0.605293 0.187965
9 0.631250 0.163910 0.650117 0.163910 0.650117 0.186541 0.631250 0.186541
9 0.685645 0.161054 0.704854 0.161054 0.704854 0.183677 0.685645 0.183677
44 0.713770 0.159884 0.735547 0.159884 0.735547 0.182965 0.713770 0.182965
16 0.742295 0.159142 0.762109 0.159142 0.762109 0.181773 0.742295 0.181773
29 0.770967 0.157718 0.790430 0.157718 0.790430 0.180349 0.770967 0.180349
17 0.798486 0.157238 0.818311 0.157238 0.818311 0.179869 0.798486 0.179869
37 0.101934 0.251148 0.121748 0.251148 0.121748 0.273779 0.101934 0.273779
4 0.128506 0.250676 0.148320 0.250676 0.148320 0.273299 0.128506 0.273299
36 0.153467 0.250102 0.173281 0.250102 0.173281 0.272733 0.153467 0.272733
24 0.180361 0.249528 0.200176 0.249528 0.200176 0.272158 0.180361 0.272158
57 0.258721 0.245814 0.278535 0.245814 0.278535 0.268445 0.258721 0.268445
45 0.286758 0.245240 0.306572 0.245240 0.306572 0.267871 0.286758 0.267871
1 0.312881 0.244099 0.332695 0.244099 0.332695 0.266730 0.312881 0.266730
4 0.338613 0.242667 0.358428 0.242667 0.358428 0.265298 0.338613 0.265298
36 0.365889 0.242100 0.385703 0.242100 0.385703 0.264724 0.365889 0.264724
16 0.390850 0.240952 0.410664 0.240952 0.410664 0.263583 0.390850 0.263583
57 0.472285 0.237813 0.492100 0.237813 0.492100 0.260436 0.472285 0.260436
45 0.500703 0.237522 0.520527 0.237522 0.520527 0.260153 0.500703 0.260153
14 0.554863 0.234382 0.574678 0.234382 0.574678 0.257006 0.554863 0.257006
22 0.582139 0.233808 0.601953 0.233808 0.601953 0.256439 0.582139 0.256439
20 0.607490 0.232093 0.627305 0.232093 0.627305 0.254724 0.607490 0.254724
14 0.634375 0.231235 0.654189 0.231235 0.654189 0.253866 0.634375 0.253866
6 0.689688 0.228089 0.709502 0.228089 0.709502 0.250719 0.689688 0.250719
9 0.718496 0.226948 0.738311 0.226948 0.738311 0.249578 0.718496 0.249578
33 0.746924 0.227522 0.766738 0.227522 0.766738 0.250153 0.746924 0.250153
9 0.102412 0.316991 0.122227 0.316991 0.122227 0.339622 0.102412 0.339622
6 0.130898 0.316751 0.150713 0.316751 0.150713 0.339382 0.130898 0.339382
9 0.154268 0.316039 0.174082 0.316039 0.174082 0.338670 0.154268 0.338670
57 0.207402 0.314135 0.227217 0.314135 0.227217 0.336759 0.207402 0.336759
4 0.261494 0.312703 0.281309 0.312703 0.281309 0.335334 0.261494 0.335334
28 0.314629 0.311512 0.334443 0.311512 0.334443 0.334142 0.314629 0.334142
57 0.367129 0.307464 0.386943 0.307464 0.386943 0.330094 0.367129 0.330094
36 0.394971 0.308656 0.414785 0.308656 0.414785 0.331286 0.394971 0.331286
36 0.447471 0.306272 0.467285 0.306272 0.467285 0.328903 0.447471 0.328903
14 0.475000 0.305792 0.494814 0.305792 0.494814 0.328423 0.475000 0.328423
6 0.530693 0.304128 0.550508 0.304128 0.550508 0.326759 0.530693 0.326759
9 0.556621 0.301744 0.576436 0.301744 0.576436 0.324375 0.556621 0.324375
33 0.584785 0.301504 0.604600 0.301504 0.604600 0.324135 0.584785 0.324135
9 0.102939 0.383634 0.122754 0.383634 0.122754 0.406265 0.102939 0.406265
6 0.130479 0.383219 0.150293 0.383219 0.150293 0.405850 0.130479 0.405850
9 0.155117 0.381548 0.174941 0.381548 0.174941 0.404179 0.155117 0.404179
48 0.208574 0.381076 0.228389 0.381076 0.228389 0.403706 0.208574 0.403706
6 0.263955 0.379404 0.283770 0.379404 0.283770 0.402035 0.263955 0.402035
61 0.289883 0.377028 0.309697 0.377028 0.309697 0.399651 0.289883 0.399651
28 0.316768 0.377500 0.336582 0.377500 0.336582 0.400131 0.316768 0.400131
45 0.344941 0.376548 0.364756 0.376548 0.364756 0.399179 0.344941 0.399179
16 0.371182 0.376548 0.390996 0.376548 0.390996 0.399179 0.371182 0.399179
13 0.423037 0.373924 0.442852 0.373924 0.442852 0.396555 0.423037 0.396555
20 0.450244 0.373452 0.470059 0.373452 0.470059 0.396083 0.450244 0.396083
2 0.478096 0.372733 0.497910 0.372733 0.497910 0.395363 0.478096 0.395363
4 0.532510 0.371548 0.552324 0.371548 0.552324 0.394172 0.532510 0.394172
9 0.559395 0.369164 0.579219 0.369164 0.579219 0.391795 0.559395 0.391795
57 0.105186 0.450509 0.125000 0.450509 0.125000 0.473140 0.105186 0.473140
13 0.156133 0.449317 0.175947 0.449317 0.175947 0.471948 0.156133 0.471948
22 0.210557 0.449121 0.230371 0.449121 0.230371 0.471751 0.210557 0.471751
52 0.265498 0.447929 0.285313 0.447929 0.285313 0.470560 0.265498 0.470560
20 0.292178 0.446737 0.311992 0.446737 0.311992 0.469368 0.292178 0.469368
22 0.317783 0.445945 0.337598 0.445945 0.337598 0.468576 0.317783 0.468576
57 0.346592 0.445153 0.366406 0.445153 0.366406 0.467776 0.346592 0.467776
6 0.399404 0.443561 0.419219 0.443561 0.419219 0.466192 0.399404 0.466192
9 0.424746 0.442369 0.444561 0.442369 0.444561 0.465000 0.424746 0.465000
57 0.480498 0.441206 0.500313 0.441206 0.500313 0.464208 0.480498 0.464208
20 0.508770 0.440581 0.528584 0.440581 0.528584 0.463212 0.508770 0.463212
12 0.562656 0.438227 0.582471 0.438227 0.582471 0.461228 0.562656 0.461228
22 0.591191 0.438001 0.611016 0.438001 0.611016 0.460632 0.591191 0.460632
4 0.642949 0.435247 0.662764 0.435247 0.662764 0.459440 0.642949 0.459440
16 0.672822 0.433837 0.692637 0.433837 0.692637 0.456461 0.672822 0.456461
33 0.700830 0.435225 0.720645 0.435225 0.720645 0.457856 0.700830 0.457856
51 0.730439 0.434826 0.750254 0.434826 0.750254 0.457456 0.730439 0.457456
29 0.106064 0.518735 0.125879 0.518735 0.125879 0.541366 0.106064 0.541366
36 0.132949 0.518975 0.152764 0.518975 0.152764 0.541599 0.132949 0.541599
29 0.158232 0.518256 0.178047 0.518256 0.178047 0.540887 0.158232 0.540887
52 0.212334 0.516831 0.232148 0.516831 0.232148 0.539455 0.212334 0.539455
46 0.267383 0.514920 0.287197 0.514920 0.287197 0.537551 0.267383 0.537551
30 0.294277 0.514448 0.314092 0.514448 0.314092 0.537078 0.294277 0.537078
9 0.321807 0.512776 0.341621 0.512776 0.341621 0.535407 0.321807 0.535407
18 0.348691 0.512064 0.368506 0.512064 0.368506 0.534695 0.348691 0.534695
57 0.428076 0.510632 0.447891 0.510632 0.447891 0.533263 0.428076 0.533263
45 0.456240 0.509920 0.476055 0.509920 0.476055 0.532551 0.456240 0.532551
18 0.483125 0.509208 0.502949 0.509208 0.502949 0.531839 0.483125 0.531839
20 0.510020 0.508728 0.529834 0.508728 0.529834 0.531359 0.510020 0.531359
24 0.538506 0.506344 0.558320 0.506344 0.558320 0.528975 0.538506 0.528975
9 0.565068 0.505872 0.584893 0.505872 0.584893 0.528503 0.565068 0.528503
6 0.594199 0.506824 0.614014 0.506824 0.614014 0.529455 0.594199 0.529455
9 0.106543 0.586541 0.126367 0.586541 0.126367 0.609172 0.106543 0.609172
12 0.159365 0.585828 0.179180 0.585828 0.179180 0.609157 0.159365 0.609157
16 0.186250 0.585589 0.206064 0.585589 0.206064 0.608219 0.186250 0.608219
24 0.214102 0.584637 0.233916 0.584637 0.233916 0.607267 0.214102 0.607267
57 0.241309 0.583685 0.261123 0.583685 0.261123 0.607267 0.241309 0.607267
16 0.268516 0.583212 0.288330 0.583212 0.288330 0.605836 0.268516 0.605836
24 0.296045 0.581781 0.315859 0.581781 0.315859 0.604411 0.296045 0.604411
50 0.322607 0.582267 0.342422 0.582267 0.342422 0.605836 0.322607 0.605836
26 0.377021 0.579876 0.396846 0.579876 0.396846 0.602500 0.377021 0.602500
20 0.404238 0.580109 0.424053 0.580109 0.424053 0.602740 0.404238 0.602740
57 0.431445 0.578416 0.451260 0.578416 0.451260 0.602253 0.431445 0.602253
20 0.458652 0.579157 0.478467 0.579157 0.478467 0.601788 0.458652 0.601788
22 0.485859 0.577965 0.505674 0.577965 0.505674 0.600596 0.485859 0.600596
9 0.512744 0.576541 0.532559 0.576541 0.532559 0.599172 0.512744 0.599172
6 0.540596 0.577013 0.560410 0.577013 0.560410 0.599644 0.540596 0.599644
17 0.596934 0.576541 0.616748 0.576541 0.616748 0.599172 0.596934 0.599172
37 0.107510 0.658132 0.127324 0.658132 0.127324 0.680763 0.107510 0.680763
13 0.134785 0.653270 0.154600 0.653270 0.154600 0.679331 0.134785 0.679331
29 0.160137 0.654724 0.179951 0.654724 0.179951 0.678474 0.160137 0.678474
45 0.188555 0.654070 0.208379 0.654070 0.208379 0.677900 0.188555 0.677900
24 0.215059 0.653844 0.234883 0.653844 0.234883 0.676475 0.215059 0.676475
28 0.242334 0.653844 0.262148 0.653844 0.262148 0.676475 0.242334 0.676475
20 0.269609 0.653561 0.289424 0.653561 0.289424 0.676185 0.269609 0.676185
13 0.324922 0.650436 0.344736 0.650436 0.344736 0.675327 0.324922 0.675327
29 0.352187 0.650698 0.372002 0.650698 0.372002 0.675581 0.352187 0.675581
22 0.406738 0.649273 0.426553 0.649273 0.426553 0.673045 0.406738 0.673045
20 0.433623 0.649055 0.453437 0.649055 0.453437 0.673328 0.433623 0.673328
12 0.460898 0.648699 0.480713 0.648699 0.480713 0.672456 0.460898 0.672456
36 0.489707 0.648401 0.509521 0.648401 0.509521 0.673045 0.489707 0.673045
22 0.545400 0.647267 0.565215 0.647267 0.565215 0.670494 0.545400 0.670494
16 0.573057 0.646410 0.592871 0.646410 0.592871 0.669041 0.573057 0.669041
57 0.601865 0.646126 0.621680 0.646126 0.621680 0.669331 0.601865 0.669331
16 0.627598 0.644985 0.647412 0.644985 0.647412 0.667609 0.627598 0.667609
29 0.657178 0.645269 0.676992 0.645269 0.676992 0.670203 0.657178 0.670203
61 0.685215 0.644695 0.705029 0.644695 0.705029 0.669898 0.685215 0.669898
35 0.714404 0.647318 0.736816 0.647318 0.736816 0.669949 0.714404 0.669949
29 0.108525 0.725327 0.128340 0.725327 0.128340 0.750225 0.108525 0.750225
45 0.136182 0.725334 0.155996 0.725334 0.155996 0.750233 0.136182 0.750233
28 0.188418 0.725051 0.208232 0.725051 0.208232 0.749949 0.188418 0.749949
16 0.216074 0.724193 0.235889 0.724193 0.235889 0.749092 0.216074 0.749092
52 0.271387 0.724193 0.291201 0.724193 0.291201 0.749092 0.271387 0.749092
42 0.326699 0.722478 0.346514 0.722478 0.346514 0.747376 0.326699 0.747376
8 0.353584 0.720763 0.373408 0.720763 0.373408 0.745661 0.353584 0.745661
1 0.380859 0.721904 0.400674 0.721904 0.400674 0.746802 0.380859 0.746802
12 0.463828 0.720189 0.483643 0.720189 0.483643 0.745087 0.463828 0.745087
16 0.492256 0.719615 0.512070 0.719615 0.512070 0.744513 0.492256 0.744513
24 0.520674 0.717900 0.540488 0.717900 0.540488 0.742798 0.520674 0.742798
57 0.549102 0.719615 0.568916 0.719615 0.568916 0.744513 0.549102 0.744513
16 0.577529 0.718474 0.597344 0.718474 0.597344 0.743372 0.577529 0.743372
24 0.605947 0.718474 0.625762 0.718474 0.625762 0.743372 0.605947 0.743372
61 0.632451 0.717900 0.652266 0.717900 0.652266 0.742798 0.632451 0.742798
49 0.661260 0.719906 0.681074 0.719906 0.681074 0.744804 0.661260 0.744804
29 0.109600 0.797129 0.129414 0.797129 0.129414 0.822028 0.109600 0.822028
45 0.137607 0.796919 0.157422 0.796919 0.157422 0.821817 0.137607 0.821817
14 0.190420 0.795967 0.210234 0.795967 0.210234 0.820865 0.190420 0.820865
20 0.217627 0.796199 0.237441 0.796199 0.237441 0.821097 0.217627 0.821097
24 0.245479 0.795007 0.265293 0.795007 0.265293 0.819906 0.245479 0.819906
9 0.273965 0.794535 0.293779 0.794535 0.293779 0.819433 0.273965 0.819433
35 0.301494 0.796919 0.321309 0.796919 0.321309 0.821817 0.301494 0.821817
4 0.328057 0.794775 0.347871 0.794775 0.347871 0.819673 0.328057 0.819673
1 0.383115 0.794055 0.402930 0.794055 0.402930 0.818953 0.383115 0.818953
4 0.409365 0.793583 0.429180 0.793583 0.429180 0.818481 0.409365 0.818481
20 0.439131 0.793583 0.458945 0.793583 0.458945 0.818481 0.439131 0.818481
13 0.467295 0.793583 0.487119 0.793583 0.487119 0.818968 0.467295 0.818968
20 0.495469 0.792863 0.515283 0.792863 0.515283 0.817762 0.495469 0.817762
6 0.523633 0.792863 0.543447 0.792863 0.543447 0.817762 0.523633 0.817762
14 0.581250 0.791911 0.601064 0.791911 0.601064 0.817733 0.581250 0.817733
45 0.610381 0.791679 0.630195 0.791679 0.630195 0.817064 0.610381 0.817064
46 0.636309 0.791439 0.656123 0.791439 0.656123 0.817733 0.636309 0.817733
1 0.664795 0.791679 0.684609 0.791679 0.684609 0.816577 0.664795 0.816577
4 0.111514 0.868219 0.131328 0.868219 0.131328 0.893118 0.111514 0.893118
22 0.138398 0.868459 0.158223 0.868459 0.158223 0.893358 0.138398 0.893358
20 0.164971 0.869411 0.184785 0.869411 0.184785 0.894310 0.164971 0.894310
4 0.190898 0.868459 0.210713 0.868459 0.210713 0.893358 0.190898 0.893358
20 0.219707 0.868219 0.239521 0.868219 0.239521 0.893118 0.219707 0.893118
24 0.247559 0.867035 0.267373 0.867035 0.267373 0.891926 0.247559 0.891926
9 0.275078 0.867267 0.294902 0.867267 0.294902 0.892166 0.275078 0.892166
6 0.302930 0.867747 0.322744 0.867747 0.322744 0.892645 0.302930 0.892645
9 0.386152 0.866315 0.405967 0.866315 0.405967 0.891214 0.386152 0.891214
13 0.413682 0.866795 0.433496 0.866795 0.433496 0.891693 0.413682 0.891693
8 0.442168 0.866076 0.461982 0.866076 0.461982 0.890974 0.442168 0.890974
22 0.498506 0.866076 0.518320 0.866076 0.518320 0.890974 0.498506 0.890974
14 0.556445 0.866555 0.576260 0.866555 0.576260 0.891453 0.556445 0.891453
46 0.613740 0.865843 0.635156 0.865843 0.635156 0.891206 0.613740 0.891206
1 0.639033 0.866555 0.658848 0.866555 0.658848 0.891453 0.639033 0.891453
