1 0.491465 0.184622 0.510713 0.184622 0.510713 0.208212 0.491465 0.208212
14 0.515967 0.185051 0.535205 0.185051 0.535205 0.208641 0.515967 0.208641
20 0.539873 0.185705 0.559121 0.185705 0.559121 0.209295 0.539873 0.209295
46 0.565244 0.186141 0.584492 0.186141 0.584492 0.209731 0.565244 0.209731
12 0.589150 0.187660 0.608398 0.187660 0.608398 0.211250 0.589150 0.211250
0 0.613359 0.188307 0.632607 0.188307 0.632607 0.211897 0.613359 0.211897
50 0.637852 0.188089 0.657100 0.188089 0.657100 0.211686 0.637852 0.211686
1 0.660596 0.188743 0.679844 0.188743 0.679844 0.212333 0.660596 0.212333
14 0.164990 0.240029 0.184238 0.240029 0.184238 0.263619 0.164990 0.263619
57 0.166025 0.119564 0.185264 0.119564 0.185264 0.143786 0.166025 0.143786
45 0.192461 0.118924 0.211699 0.118924 0.211699 0.143140 0.192461 0.143140
14 0.217305 0.119964 0.236543 0.119964 0.236543 0.144186 0.217305 0.144186
6 0.242148 0.120225 0.261387 0.120225 0.261387 0.144440 0.242148 0.144440
50 0.267344 0.120487 0.286582 0.120487 0.286582 0.144702 0.267344 0.144702
28 0.293584 0.120749 0.312832 0.120749 0.312832 0.144964 0.293584 0.144964
61 0.318428 0.121265 0.337676 0.121265 0.337676 0.145487 0.318428 0.145487
13 0.368115 0.123089 0.387363 0.123089 0.387363 0.147304 0.368115 0.147304
20 0.392959 0.123874 0.412207 0.123874 0.412207 0.148089 0.392959 0.148089
6 0.418506 0.124651 0.437754 0.124651 0.437754 0.148874 0.418506 0.148874
28 0.442646 0.125436 0.461895 0.125436 0.461895 0.149651 0.442646 0.149651
45 0.467148 0.125727 0.486387 0.125727 0.486387 0.148612 0.467148 0.148612
48 0.491992 0.126737 0.511230 0.126737 0.511230 0.150952 0.491992 0.150952
4 0.515088 0.126214 0.534326 0.126214 0.534326 0.150429 0.515088 0.150429
20 0.539229 0.126737 0.558477 0.126737 0.558477 0.150952 0.539229 0.150952
13 0.586113 0.128038 0.605361 0.128038 0.605361 0.152253 0.586113 0.152253
4 0.610264 0.127515 0.629502 0.127515 0.629502 0.151737 0.610264 0.151737
20 0.634053 0.128299 0.653301 0.128299 0.653301 0.152515 0.634053 0.152515
22 0.659248 0.129077 0.678496 0.129077 0.678496 0.153299 0.659248 0.153299
16 0.683047 0.128815 0.702285 0.128815 0.702285 0.153038 0.683047 0.153038
46 0.707187 0.130640 0.726436 0.130640 0.726436 0.154862 0.707187 0.154862
21 0.729932 0.130640 0.749180 0.130640 0.749180 0.154862 0.729932 0.154862
59 0.799922 0.101999 0.819160 0.101999 0.819160 0.126214 0.799922 0.126214
0 0.823711 0.105124 0.842959 0.105124 0.842959 0.119695 0.823711 0.119695
16 0.846807 0.105640 0.866055 0.105640 0.866055 0.124419 0.846807 0.124419
0 0.165430 0.180414 0.184668 0.180414 0.184668 0.204637 0.165430 0.204637
28 0.216484 0.179942 0.235732 0.179942 0.235732 0.203532 0.216484 0.203532
16 0.242734 0.180167 0.261982 0.180167 0.261982 0.203314 0.242734 0.203314
29 0.293184 0.181584 0.312422 0.181584 0.312422 0.205174 0.293184 0.205174
20 0.318838 0.181366 0.338086 0.181366 0.338086 0.204956 0.318838 0.204956
1 0.342754 0.182013 0.362002 0.182013 0.362002 0.205603 0.342754 0.205603
26 0.368994 0.182231 0.388242 0.182231 0.388242 0.205821 0.368994 0.205821
6 0.393486 0.183321 0.412734 0.183321 0.412734 0.206911 0.393486 0.206911
42 0.418857 0.183532 0.438105 0.183532 0.438105 0.207122 0.418857 0.207122
24 0.444229 0.183532 0.463477 0.183532 0.463477 0.207122 0.444229 0.207122
9 0.467266 0.184622 0.486514 0.184622 0.486514 0.208212 0.467266 0.208212
20 0.190361 0.241119 0.209609 0.241119 0.209609 0.264709 0.190361 0.264709
14 0.216309 0.241548 0.235557 0.241548 0.235557 0.265138 0.216309 0.265138
20 0.241104 0.241548 0.260342 0.241548 0.260342 0.265138 0.241104 0.265138
6 0.267344 0.241119 0.286592 0.241119 0.286592 0.264709 0.267344 0.264709
0 0.291836 0.241119 0.311084 0.241119 0.311084 0.264709 0.291836 0.264709
12 0.318662 0.242638 0.337910 0.242638 0.337910 0.266228 0.318662 0.266228
14 0.368818 0.243285 0.388066 0.243285 0.388066 0.266875 0.368818 0.266875
16 0.394482 0.245022 0.413730 0.245022 0.413730 0.268612 0.394482 0.268612
22 0.418975 0.244804 0.438223 0.244804 0.438223 0.268394 0.418975 0.268394
16 0.443467 0.244157 0.462715 0.244157 0.462715 0.267747 0.443467 0.267747
6 0.468252 0.246105 0.487500 0.246105 0.487500 0.269695 0.468252 0.269695
20 0.493623 0.245458 0.512871 0.245458 0.512871 0.269048 0.493623 0.269048
12 0.517539 0.245240 0.536777 0.245240 0.536777 0.268830 0.517539 0.268830
0 0.539697 0.245676 0.558945 0.245676 0.558945 0.269266 0.539697 0.269266
50 0.564189 0.245887 0.583438 0.245887 0.583438 0.269477 0.564189 0.269477
1 0.589268 0.245887 0.608516 0.245887 0.608516 0.269477 0.589268 0.269477
35 0.615801 0.246105 0.635049 0.246105 0.635049 0.269695 0.615801 0.269695
2 0.163359 0.302849 0.182607 0.302849 0.182607 0.326446 0.163359 0.326446
36 0.189248 0.302594 0.208496 0.302594 0.208496 0.326185 0.189248 0.326185
24 0.215146 0.302594 0.234395 0.302594 0.234395 0.326185 0.215146 0.326185
16 0.241738 0.302594 0.260986 0.302594 0.260986 0.326185 0.241738 0.326185
48 0.266934 0.303110 0.286182 0.303110 0.286182 0.326701 0.266934 0.326701
61 0.293184 0.304157 0.312422 0.304157 0.312422 0.327747 0.293184 0.327747
29 0.344268 0.303634 0.363516 0.303634 0.363516 0.327224 0.344268 0.327224
45 0.369814 0.304419 0.389053 0.304419 0.389053 0.328009 0.369814 0.328009
1 0.392910 0.304157 0.412148 0.304157 0.412148 0.327747 0.392910 0.327747
28 0.419150 0.306235 0.438398 0.306235 0.438398 0.329826 0.419150 0.329826
16 0.445049 0.306497 0.464287 0.306497 0.464287 0.330087 0.445049 0.330087
57 0.470234 0.306235 0.489482 0.306235 0.489482 0.329826 0.470234 0.329826
16 0.495078 0.305458 0.514326 0.305458 0.514326 0.329048 0.495078 0.329048
25 0.519580 0.306759 0.538818 0.306759 0.538818 0.330349 0.519580 0.330349
0 0.542676 0.306759 0.561914 0.306759 0.561914 0.330349 0.542676 0.330349
1 0.566465 0.305719 0.585713 0.305719 0.585713 0.329310 0.566465 0.329310
52 0.590615 0.305974 0.609854 0.305974 0.609854 0.329571 0.590615 0.329571
28 0.616855 0.306759 0.636104 0.306759 0.636104 0.330349 0.616855 0.330349
0 0.640654 0.306235 0.659893 0.306235 0.659893 0.329826 0.640654 0.329826
29 0.665498 0.306497 0.684736 0.306497 0.684736 0.330087 0.665498 0.330087
61 0.689990 0.307020 0.709238 0.307020 0.709238 0.330610 0.689990 0.330610
28 0.162393 0.365814 0.181641 0.365814 0.181641 0.389404 0.162393 0.389404
0 0.187588 0.365029 0.206836 0.365029 0.206836 0.388619 0.187588 0.388619
48 0.214883 0.366068 0.234131 0.366068 0.234131 0.389666 0.214883 0.389666
16 0.241123 0.366853 0.260371 0.366853 0.260371 0.390443 0.241123 0.390443
13 0.292217 0.367631 0.311455 0.367631 0.311455 0.391228 0.292217 0.391228
20 0.318105 0.367376 0.337354 0.367376 0.337354 0.390967 0.318105 0.390967
6 0.342949 0.367115 0.362197 0.367115 0.362197 0.390705 0.342949 0.390705
28 0.369893 0.367376 0.389141 0.367376 0.389141 0.390967 0.369893 0.390967
8 0.394736 0.367115 0.413984 0.367115 0.413984 0.390705 0.394736 0.390705
16 0.420986 0.367892 0.440234 0.367892 0.440234 0.391483 0.420986 0.391483
57 0.469619 0.368154 0.488867 0.368154 0.488867 0.391744 0.469619 0.391744
20 0.495518 0.367892 0.514766 0.367892 0.514766 0.391483 0.495518 0.391483
22 0.518965 0.368416 0.538203 0.368416 0.538203 0.392006 0.518965 0.392006
20 0.543105 0.368154 0.562354 0.368154 0.562354 0.391744 0.543105 0.391744
57 0.567949 0.368677 0.587197 0.368677 0.587197 0.392267 0.567949 0.392267
0 0.592100 0.368416 0.611338 0.368416 0.611338 0.392006 0.592100 0.392006
29 0.617637 0.368677 0.636885 0.368677 0.636885 0.392267 0.617637 0.392267
61 0.642832 0.368677 0.662080 0.368677 0.662080 0.392267 0.642832 0.392267
21 0.666279 0.368154 0.685527 0.368154 0.685527 0.391744 0.666279 0.391744
14 0.162178 0.430938 0.181416 0.430938 0.181416 0.454528 0.162178 0.454528
22 0.187832 0.430291 0.207080 0.430291 0.207080 0.453881 0.187832 0.453881
20 0.214082 0.430291 0.233320 0.430291 0.233320 0.453881 0.214082 0.453881
14 0.240615 0.430938 0.259863 0.430938 0.259863 0.454528 0.240615 0.454528
0 0.267148 0.430719 0.286396 0.430719 0.286396 0.454310 0.267148 0.454310
24 0.293975 0.430501 0.313223 0.430501 0.313223 0.454092 0.293975 0.454092
0 0.318760 0.430073 0.338008 0.430073 0.338008 0.453663 0.318760 0.453663
16 0.345010 0.430291 0.364248 0.430291 0.364248 0.453881 0.345010 0.453881
29 0.370088 0.430938 0.389326 0.430938 0.389326 0.454528 0.370088 0.454528
8 0.421699 0.430073 0.440947 0.430073 0.440947 0.453663 0.421699 0.453663
16 0.446484 0.430073 0.465732 0.430073 0.465732 0.453663 0.446484 0.453663
6 0.471855 0.430291 0.491094 0.430291 0.491094 0.453881 0.471855 0.453881
45 0.497227 0.430291 0.516465 0.430291 0.516465 0.453881 0.497227 0.453881
46 0.519971 0.430291 0.539209 0.430291 0.539209 0.453881 0.519971 0.453881
13 0.568662 0.430291 0.587910 0.430291 0.587910 0.453881 0.568662 0.453881
57 0.594033 0.429419 0.613281 0.429419 0.613281 0.453009 0.594033 0.453009
16 0.619111 0.429855 0.638359 0.429855 0.638359 0.453445 0.619111 0.453445
29 0.643604 0.430291 0.662852 0.430291 0.662852 0.453881 0.643604 0.453881
1 0.667520 0.429855 0.686758 0.429855 0.686758 0.453445 0.667520 0.453445
0 0.160078 0.493503 0.179316 0.493503 0.179316 0.517093 0.160078 0.517093
29 0.213613 0.493765 0.232861 0.493765 0.232861 0.517355 0.213613 0.517355
16 0.240557 0.494026 0.259805 0.494026 0.259805 0.517616 0.240557 0.517616
2 0.266104 0.494026 0.285342 0.494026 0.285342 0.517616 0.266104 0.517616
16 0.292695 0.493765 0.311943 0.493765 0.311943 0.517355 0.292695 0.517355
9 0.345537 0.494026 0.364775 0.494026 0.364775 0.517616 0.345537 0.517616
26 0.397324 0.493241 0.416563 0.493241 0.416563 0.516831 0.397324 0.516831
20 0.422168 0.493241 0.441416 0.493241 0.441416 0.516831 0.422168 0.516831
22 0.447363 0.492718 0.466602 0.492718 0.466602 0.516308 0.447363 0.516308
42 0.472900 0.493241 0.492148 0.493241 0.492148 0.516831 0.472900 0.516831
28 0.519443 0.492464 0.538691 0.492464 0.538691 0.516054 0.519443 0.516054
16 0.546387 0.492718 0.565635 0.492718 0.565635 0.516308 0.546387 0.516308
29 0.570879 0.491940 0.590127 0.491940 0.590127 0.515531 0.570879 0.515531
21 0.595723 0.491940 0.614971 0.491940 0.614971 0.515531 0.595723 0.515531
51 0.621973 0.492202 0.641211 0.492202 0.641211 0.515792 0.621973 0.515792
28 0.158184 0.559571 0.177432 0.559571 0.177432 0.583161 0.158184 0.583161
20 0.185830 0.559310 0.205078 0.559310 0.205078 0.582900 0.185830 0.582900
2 0.238320 0.558009 0.257568 0.558009 0.257568 0.581599 0.238320 0.581599
16 0.265957 0.557747 0.285205 0.557747 0.285205 0.581337 0.265957 0.581337
13 0.292559 0.557485 0.311797 0.557485 0.311797 0.581076 0.292559 0.581076
13 0.318447 0.557747 0.337695 0.557747 0.337695 0.581337 0.318447 0.581337
20 0.344697 0.556708 0.363936 0.556708 0.363936 0.580298 0.344697 0.580298
57 0.370586 0.556969 0.389834 0.556969 0.389834 0.580560 0.370586 0.580560
16 0.396484 0.556185 0.415723 0.556185 0.415723 0.579775 0.396484 0.579775
13 0.423428 0.555923 0.442676 0.555923 0.442676 0.579513 0.423428 0.579513
29 0.448271 0.555145 0.467520 0.555145 0.467520 0.578735 0.448271 0.578735
28 0.474160 0.555669 0.493408 0.555669 0.493408 0.579259 0.474160 0.579259
45 0.497959 0.554884 0.517207 0.554884 0.517207 0.578474 0.497959 0.578474
46 0.521758 0.554622 0.540996 0.554622 0.540996 0.578212 0.521758 0.578212
13 0.572842 0.554360 0.592090 0.554360 0.592090 0.577951 0.572842 0.577951
12 0.597334 0.555407 0.616582 0.555407 0.616582 0.578997 0.597334 0.578997
16 0.622178 0.555669 0.641426 0.555669 0.641426 0.579259 0.622178 0.579259
32 0.648076 0.554622 0.667324 0.554622 0.667324 0.578212 0.648076 0.578212
29 0.673623 0.554106 0.692861 0.554106 0.692861 0.577696 0.673623 0.577696
13 0.697764 0.554884 0.717012 0.554884 0.717012 0.578474 0.697764 0.578474
42 0.722959 0.554360 0.742207 0.554360 0.742207 0.577951 0.722959 0.577951
29 0.157158 0.625465 0.176406 0.625465 0.176406 0.649055 0.157158 0.649055
0 0.184277 0.625247 0.203525 0.625247 0.203525 0.648837 0.184277 0.648837
4 0.210811 0.625465 0.230059 0.625465 0.230059 0.649055 0.210811 0.649055
1 0.237637 0.625901 0.256885 0.625901 0.256885 0.649491 0.237637 0.649491
30 0.265635 0.623728 0.284883 0.623728 0.284883 0.647318 0.265635 0.647318
29 0.291875 0.623946 0.311123 0.623946 0.311123 0.647536 0.291875 0.647536
20 0.318418 0.623292 0.337656 0.623292 0.337656 0.646882 0.318418 0.646882
24 0.370898 0.620690 0.390146 0.620690 0.390146 0.644281 0.370898 0.644281
16 0.397725 0.621126 0.416973 0.621126 0.416973 0.644717 0.397725 0.644717
22 0.422803 0.621773 0.442051 0.621773 0.442051 0.645363 0.422803 0.645363
16 0.448760 0.620036 0.468008 0.620036 0.468008 0.643634 0.448760 0.643634
57 0.475586 0.619826 0.494834 0.619826 0.494834 0.643416 0.475586 0.643416
20 0.500078 0.620472 0.519326 0.620472 0.519326 0.644062 0.500078 0.644062
29 0.548779 0.619608 0.568027 0.619608 0.568027 0.643198 0.548779 0.643198
22 0.573857 0.618735 0.593105 0.618735 0.593105 0.642326 0.573857 0.642326
42 0.599805 0.618307 0.619053 0.618307 0.619053 0.641897 0.599805 0.641897
13 0.625469 0.618307 0.644717 0.618307 0.644717 0.641897 0.625469 0.641897
32 0.651133 0.617871 0.670371 0.617871 0.670371 0.641461 0.651133 0.641461
29 0.675625 0.617871 0.694873 0.617871 0.694873 0.641461 0.675625 0.641461
13 0.700703 0.617653 0.719941 0.617653 0.719941 0.641243 0.700703 0.641243
42 0.725195 0.618307 0.744443 0.618307 0.744443 0.641897 0.725195 0.641897
17 0.750273 0.618307 0.769521 0.618307 0.769521 0.641897 0.750273 0.641897
37 0.154795 0.694789 0.174043 0.694789 0.174043 0.718379 0.154795 0.718379
16 0.182510 0.692289 0.201758 0.692289 0.201758 0.715879 0.182510 0.715879
13 0.210283 0.692435 0.229531 0.692435 0.229531 0.716025 0.210283 0.716025
6 0.235654 0.691352 0.254893 0.691352 0.254893 0.714942 0.235654 0.714942
9 0.264229 0.691134 0.283477 0.691134 0.283477 0.714724 0.264229 0.714724
29 0.318174 0.689397 0.337422 0.689397 0.337422 0.712994 0.318174 0.712994
20 0.343838 0.689186 0.363076 0.689186 0.363076 0.712776 0.343838 0.712776
6 0.370078 0.688750 0.389326 0.688750 0.389326 0.712340 0.370078 0.712340
61 0.396611 0.688750 0.415859 0.688750 0.415859 0.712340 0.396611 0.712340
4 0.423145 0.688096 0.442393 0.688096 0.442393 0.711686 0.423145 0.711686
20 0.449395 0.687449 0.468643 0.687449 0.468643 0.711039 0.449395 0.711039
52 0.500713 0.686141 0.519961 0.686141 0.519961 0.709738 0.500713 0.709738
0 0.524043 0.685930 0.543291 0.685930 0.543291 0.709520 0.524043 0.709520
18 0.550000 0.685712 0.569238 0.685712 0.569238 0.709302 0.550000 0.709302
20 0.575361 0.685276 0.594609 0.685276 0.594609 0.708866 0.575361 0.708866
30 0.601904 0.685276 0.621143 0.685276 0.621143 0.708866 0.601904 0.708866
36 0.626973 0.684840 0.646221 0.684840 0.646221 0.708430 0.626973 0.708430
1 0.652637 0.684629 0.671885 0.684629 0.671885 0.708219 0.652637 0.708219
9 0.154150 0.761766 0.173389 0.761766 0.173389 0.785356 0.154150 0.785356
6 0.208066 0.761134 0.227305 0.761134 0.227305 0.784724 0.208066 0.784724
36 0.236055 0.760269 0.255303 0.760269 0.255303 0.783859 0.236055 0.783859
28 0.262881 0.759179 0.282129 0.759179 0.282129 0.782769 0.262881 0.782769
36 0.290293 0.758750 0.309541 0.758750 0.309541 0.782340 0.290293 0.782340
42 0.343369 0.757442 0.362607 0.757442 0.362607 0.781032 0.343369 0.781032
14 0.397607 0.755923 0.416846 0.755923 0.416846 0.779513 0.397607 0.779513
22 0.422969 0.755494 0.442217 0.755494 0.442217 0.779084 0.422969 0.779084
20 0.449219 0.754404 0.468467 0.754404 0.468467 0.777994 0.449219 0.777994
26 0.476338 0.753103 0.495586 0.753103 0.495586 0.776693 0.476338 0.776693
6 0.500830 0.753103 0.520078 0.753103 0.520078 0.776693 0.500830 0.776693
20 0.526201 0.752885 0.545449 0.752885 0.545449 0.776475 0.526201 0.776475
30 0.551865 0.752456 0.571104 0.752456 0.571104 0.776047 0.551865 0.776047
36 0.578105 0.751584 0.597354 0.751584 0.597354 0.775174 0.578105 0.775174
21 0.603770 0.751802 0.623008 0.751802 0.623008 0.775392 0.603770 0.775392
51 0.630889 0.752238 0.650127 0.752238 0.650127 0.775828 0.630889 0.775828
28 0.152480 0.831759 0.171729 0.831759 0.171729 0.855349 0.152480 0.855349
16 0.180430 0.831221 0.199668 0.831221 0.199668 0.854811 0.180430 0.854811
13 0.234375 0.830131 0.253613 0.830131 0.253613 0.853721 0.234375 0.853721
29 0.262803 0.828685 0.282051 0.828685 0.282051 0.852275 0.262803 0.852275
16 0.289775 0.828328 0.309023 0.828328 0.309023 0.851919 0.289775 0.851919
22 0.316016 0.827420 0.335264 0.827420 0.335264 0.851010 0.316016 0.851010
14 0.343232 0.826519 0.362480 0.826519 0.362480 0.850109 0.343232 0.850109
16 0.369727 0.825610 0.388965 0.825610 0.388965 0.849201 0.369727 0.849201
6 0.397666 0.825610 0.416914 0.825610 0.416914 0.849201 0.397666 0.849201
