0 0.149023 0.057980 0.172988 0.057980 0.172988 0.085792 0.149023 0.085792
0 0.328330 0.058837 0.352295 0.058837 0.352295 0.086650 0.328330 0.086650
0 0.926172 0.037645 0.950137 0.037645 0.950137 0.057922 0.926172 0.057922
0 0.326699 0.128634 0.350664 0.128634 0.350664 0.156439 0.326699 0.156439
28 0.237139 0.200400 0.261104 0.200400 0.261104 0.228205 0.237139 0.228205
8 0.268477 0.200741 0.292451 0.200741 0.292451 0.228547 0.268477 0.228547
16 0.297061 0.201083 0.321025 0.201083 0.321025 0.228895 0.297061 0.228895
57 0.357441 0.203147 0.381406 0.203147 0.381406 0.230952 0.357441 0.230952
45 0.389248 0.203488 0.413213 0.203488 0.413213 0.231294 0.389248 0.231294
57 0.418750 0.203147 0.442715 0.203147 0.442715 0.230952 0.418750 0.230952
0 0.447324 0.203488 0.471289 0.203488 0.471289 0.231294 0.447324 0.231294
6 0.475898 0.203147 0.499873 0.203147 0.499873 0.230952 0.475898 0.230952
9 0.505859 0.203830 0.529834 0.203830 0.529834 0.231635 0.505859 0.231635
6 0.535361 0.204172 0.559326 0.204172 0.559326 0.231977 0.535361 0.231977
20 0.563018 0.204862 0.586982 0.204862 0.586982 0.232667 0.563018 0.232667
13 0.593437 0.204862 0.617412 0.204862 0.617412 0.232667 0.593437 0.232667
61 0.622939 0.205203 0.646904 0.205203 0.646904 0.233009 0.622939 0.233009
9 0.206182 0.058837 0.230146 0.058837 0.230146 0.086650 0.206182 0.086650
52 0.237520 0.057471 0.261494 0.057471 0.261494 0.085276 0.237520 0.085276
14 0.296982 0.058837 0.320947 0.058837 0.320947 0.086650 0.296982 0.086650
13 0.358750 0.059869 0.382715 0.059869 0.382715 0.087674 0.358750 0.087674
29 0.387324 0.059186 0.411299 0.059186 0.411299 0.086991 0.387324 0.086991
9 0.416367 0.059869 0.440332 0.059869 0.440332 0.087674 0.416367 0.087674
59 0.898975 0.037994 0.922939 0.037994 0.922939 0.065799 0.898975 0.065799
26 0.953359 0.039019 0.977334 0.039019 0.977334 0.063081 0.953359 0.063081
9 0.145547 0.127260 0.169521 0.127260 0.169521 0.155065 0.145547 0.155065
52 0.176436 0.128634 0.200400 0.128634 0.200400 0.156439 0.176436 0.156439
52 0.237734 0.127943 0.261709 0.127943 0.261709 0.155749 0.237734 0.155749
36 0.267695 0.128634 0.291670 0.128634 0.291670 0.156439 0.267695 0.156439
2 0.297197 0.129317 0.321172 0.129317 0.321172 0.157122 0.297197 0.157122
13 0.358047 0.131032 0.382012 0.131032 0.382012 0.158837 0.358047 0.158837
29 0.388926 0.132064 0.412891 0.132064 0.412891 0.159869 0.388926 0.159869
20 0.417500 0.131374 0.441475 0.131374 0.441475 0.159179 0.417500 0.159179
46 0.447002 0.131715 0.470967 0.131715 0.470967 0.159520 0.447002 0.159520
13 0.144492 0.200400 0.168457 0.200400 0.168457 0.228205 0.144492 0.228205
20 0.176758 0.200400 0.200723 0.200400 0.200723 0.228205 0.176758 0.228205
6 0.206260 0.199717 0.230225 0.199717 0.230225 0.227522 0.206260 0.227522
1 0.651514 0.206228 0.675488 0.206228 0.675488 0.234041 0.651514 0.234041
57 0.144629 0.274128 0.168594 0.274128 0.168594 0.301933 0.144629 0.301933
28 0.206387 0.273779 0.230361 0.273779 0.230361 0.301592 0.206387 0.301592
16 0.235889 0.274469 0.259863 0.274469 0.259863 0.302275 0.235889 0.302275
2 0.266309 0.274811 0.290283 0.274811 0.290283 0.302616 0.266309 0.302616
20 0.298574 0.275153 0.322549 0.275153 0.322549 0.302958 0.298574 0.302958
57 0.359883 0.275843 0.383848 0.275843 0.383848 0.303648 0.359883 0.303648
45 0.389844 0.276526 0.413809 0.276526 0.413809 0.304331 0.389844 0.304331
4 0.418418 0.276526 0.442393 0.276526 0.442393 0.304331 0.418418 0.304331
0 0.448838 0.276868 0.472813 0.276868 0.472813 0.304673 0.448838 0.304673
29 0.478799 0.276526 0.502773 0.276526 0.502773 0.304331 0.478799 0.304331
9 0.506455 0.277558 0.530430 0.277558 0.530430 0.305363 0.506455 0.305363
6 0.535957 0.275843 0.559932 0.275843 0.559932 0.303648 0.535957 0.303648
20 0.565459 0.277209 0.589424 0.277209 0.589424 0.305015 0.565459 0.305015
13 0.595420 0.276185 0.619385 0.276185 0.619385 0.303990 0.595420 0.303990
61 0.624453 0.276526 0.648428 0.276526 0.648428 0.304331 0.624453 0.304331
21 0.653496 0.275843 0.677461 0.275843 0.677461 0.303648 0.653496 0.303648
14 0.143770 0.347464 0.167734 0.347464 0.167734 0.375276 0.143770 0.375276
20 0.176035 0.348837 0.200000 0.348837 0.200000 0.376642 0.176035 0.376642
2 0.205527 0.347812 0.229502 0.347812 0.229502 0.375618 0.205527 0.375618
16 0.237334 0.348154 0.261299 0.348154 0.261299 0.375959 0.237334 0.375959
25 0.269141 0.349528 0.293105 0.349528 0.293105 0.377333 0.269141 0.377333
0 0.297715 0.349869 0.321689 0.349869 0.321689 0.377674 0.297715 0.377674
6 0.329521 0.349869 0.353486 0.349869 0.353486 0.377674 0.329521 0.377674
20 0.360400 0.348837 0.384375 0.348837 0.384375 0.376642 0.360400 0.376642
14 0.418945 0.348837 0.442910 0.348837 0.442910 0.376642 0.418945 0.376642
20 0.449365 0.349528 0.473330 0.349528 0.473330 0.377333 0.449365 0.377333
4 0.508828 0.349528 0.532793 0.349528 0.532793 0.377333 0.508828 0.377333
36 0.538789 0.349179 0.562754 0.349179 0.562754 0.376991 0.538789 0.376991
13 0.565518 0.348837 0.589492 0.348837 0.589492 0.376642 0.565518 0.376642
29 0.595938 0.349528 0.619912 0.349528 0.619912 0.377333 0.595938 0.377333
0 0.624521 0.349179 0.648486 0.349179 0.648486 0.376991 0.624521 0.376991
12 0.654023 0.348837 0.677988 0.348837 0.677988 0.376642 0.654023 0.376642
1 0.682598 0.349528 0.706562 0.349528 0.706562 0.377333 0.682598 0.377333
14 0.145977 0.423038 0.169941 0.423038 0.169941 0.450850 0.145977 0.450850
20 0.175937 0.422972 0.199902 0.422972 0.199902 0.450778 0.175937 0.450778
2 0.237236 0.422282 0.261211 0.422282 0.261211 0.450094 0.237236 0.450094
16 0.267656 0.422631 0.291631 0.422631 0.291631 0.450436 0.267656 0.450436
22 0.299463 0.423656 0.323437 0.423656 0.323437 0.451461 0.299463 0.451461
32 0.330352 0.422282 0.354316 0.422282 0.354316 0.450094 0.330352 0.450094
52 0.361230 0.422282 0.385195 0.422282 0.385195 0.450094 0.361230 0.450094
20 0.391191 0.422282 0.415156 0.422282 0.415156 0.450094 0.391191 0.450094
57 0.421152 0.421940 0.445117 0.421940 0.445117 0.449746 0.421152 0.449746
45 0.451572 0.422631 0.475537 0.422631 0.475537 0.450436 0.451572 0.450436
12 0.479687 0.422631 0.503662 0.422631 0.503662 0.450436 0.479687 0.450436
6 0.536846 0.421599 0.560811 0.421599 0.560811 0.449404 0.536846 0.449404
9 0.566807 0.421940 0.590771 0.421940 0.590771 0.449746 0.566807 0.449746
13 0.596768 0.422631 0.620732 0.422631 0.620732 0.450436 0.596768 0.450436
29 0.626270 0.421940 0.650234 0.421940 0.650234 0.449746 0.626270 0.449746
0 0.654844 0.421257 0.678809 0.421257 0.678809 0.449062 0.654844 0.449062
12 0.685264 0.421940 0.709238 0.421940 0.709238 0.449746 0.685264 0.449746
49 0.713848 0.422972 0.737812 0.422972 0.737812 0.450778 0.713848 0.450778
52 0.144531 0.498023 0.168496 0.498023 0.168496 0.525828 0.144531 0.525828
24 0.175781 0.496999 0.199746 0.496999 0.199746 0.524804 0.175781 0.524804
22 0.207588 0.497340 0.231553 0.497340 0.231553 0.525145 0.207588 0.525145
0 0.238008 0.496308 0.261973 0.496308 0.261973 0.524113 0.238008 0.524113
57 0.270273 0.495967 0.294238 0.495967 0.294238 0.523772 0.270273 0.523772
13 0.299307 0.495967 0.323281 0.495967 0.323281 0.523772 0.299307 0.523772
29 0.330654 0.496650 0.354629 0.496650 0.354629 0.524462 0.330654 0.524462
57 0.362002 0.495967 0.385967 0.495967 0.385967 0.523772 0.362002 0.523772
36 0.392422 0.495625 0.416387 0.495625 0.416387 0.523430 0.392422 0.523430
46 0.421924 0.495625 0.445889 0.495625 0.445889 0.523430 0.421924 0.523430
1 0.450957 0.495967 0.474932 0.495967 0.474932 0.523772 0.450957 0.523772
13 0.481377 0.495967 0.505352 0.495967 0.505352 0.523772 0.481377 0.523772
20 0.511338 0.495625 0.535312 0.495625 0.535312 0.523430 0.511338 0.523430
6 0.540381 0.494935 0.564346 0.494935 0.564346 0.522740 0.540381 0.522740
28 0.568496 0.494593 0.592461 0.494593 0.592461 0.522398 0.568496 0.522398
8 0.598457 0.494251 0.622422 0.494251 0.622422 0.522057 0.598457 0.522057
16 0.627031 0.494251 0.651006 0.494251 0.651006 0.522057 0.627031 0.522057
52 0.686953 0.494935 0.710928 0.494935 0.710928 0.522740 0.686953 0.522740
20 0.715996 0.494593 0.739961 0.494593 0.739961 0.522398 0.715996 0.522398
6 0.745498 0.494251 0.769463 0.494251 0.769463 0.522057 0.745498 0.522057
20 0.775459 0.494251 0.799424 0.494251 0.799424 0.522057 0.775459 0.522057
29 0.804951 0.493910 0.828926 0.493910 0.828926 0.521715 0.804951 0.521715
20 0.833076 0.494251 0.857041 0.494251 0.857041 0.522057 0.833076 0.522057
16 0.861650 0.493219 0.885615 0.493219 0.885615 0.521032 0.861650 0.521032
21 0.892529 0.493568 0.916504 0.493568 0.916504 0.521374 0.892529 0.521374
52 0.143496 0.574302 0.167471 0.574302 0.167471 0.602108 0.143496 0.602108
24 0.174854 0.572246 0.198818 0.572246 0.198818 0.600051 0.174854 0.600051
22 0.206191 0.573270 0.230166 0.573270 0.230166 0.601076 0.206191 0.601076
0 0.236611 0.571214 0.260586 0.571214 0.260586 0.599019 0.236611 0.599019
57 0.270264 0.571897 0.294229 0.571897 0.294229 0.599702 0.270264 0.599702
13 0.299766 0.570182 0.323730 0.570182 0.323730 0.597994 0.299766 0.597994
29 0.332031 0.570523 0.355996 0.570523 0.355996 0.598336 0.332031 0.598336
57 0.361523 0.570872 0.385498 0.570872 0.385498 0.598677 0.361523 0.598677
36 0.391484 0.570523 0.415459 0.570523 0.415459 0.598336 0.391484 0.598336
46 0.422832 0.570872 0.446797 0.570872 0.446797 0.598677 0.422832 0.598677
1 0.450947 0.571555 0.474922 0.571555 0.474922 0.599360 0.450947 0.599360
28 0.480908 0.569157 0.504883 0.569157 0.504883 0.596962 0.480908 0.596962
16 0.511328 0.568125 0.535303 0.568125 0.535303 0.595930 0.511328 0.595930
2 0.540371 0.568125 0.564336 0.568125 0.564336 0.595930 0.540371 0.595930
20 0.569414 0.568815 0.593379 0.568815 0.593379 0.596621 0.569414 0.596621
26 0.629326 0.568125 0.653301 0.568125 0.653301 0.595930 0.629326 0.595930
20 0.659756 0.567442 0.683721 0.567442 0.683721 0.595247 0.659756 0.595247
6 0.689248 0.567442 0.713223 0.567442 0.713223 0.595247 0.689248 0.595247
36 0.719678 0.568467 0.743643 0.568467 0.743643 0.596272 0.719678 0.596272
2 0.747793 0.567442 0.771758 0.567442 0.771758 0.595247 0.747793 0.595247
20 0.777754 0.567783 0.801719 0.567783 0.801719 0.595589 0.777754 0.595589
16 0.808174 0.567442 0.832139 0.567442 0.832139 0.595247 0.808174 0.595247
21 0.837207 0.567442 0.861182 0.567442 0.861182 0.595247 0.837207 0.595247
13 0.143809 0.650022 0.167773 0.650022 0.167773 0.677827 0.143809 0.677827
29 0.174687 0.649331 0.198652 0.649331 0.198652 0.677137 0.174687 0.677137
0 0.204648 0.648990 0.228613 0.648990 0.228613 0.676795 0.204648 0.676795
6 0.236914 0.648990 0.260879 0.648990 0.260879 0.676795 0.236914 0.676795
9 0.269180 0.646933 0.293145 0.646933 0.293145 0.674738 0.269180 0.674738
14 0.332324 0.645901 0.356299 0.645901 0.356299 0.673706 0.332324 0.673706
29 0.362744 0.645901 0.386719 0.645901 0.386719 0.673706 0.362744 0.673706
0 0.392705 0.645560 0.416680 0.645560 0.416680 0.673365 0.392705 0.673365
48 0.422666 0.645218 0.446641 0.645218 0.446641 0.673023 0.422666 0.673023
4 0.453555 0.644876 0.477520 0.644876 0.477520 0.672682 0.453555 0.672682
9 0.482129 0.643844 0.506094 0.643844 0.506094 0.671650 0.482129 0.671650
44 0.543896 0.642813 0.567861 0.642813 0.567861 0.670625 0.543896 0.670625
16 0.572930 0.643503 0.596904 0.643503 0.596904 0.671308 0.572930 0.671308
2 0.602891 0.643161 0.626865 0.643161 0.626865 0.670967 0.602891 0.670967
16 0.632393 0.642813 0.656367 0.642813 0.656367 0.670625 0.632393 0.670625
29 0.661436 0.642813 0.685400 0.642813 0.685400 0.670625 0.661436 0.670625
0 0.690469 0.642471 0.714443 0.642471 0.714443 0.670276 0.690469 0.670276
29 0.720889 0.642129 0.744863 0.642129 0.744863 0.669935 0.720889 0.669935
61 0.751318 0.642471 0.775283 0.642471 0.775283 0.670276 0.751318 0.670276
1 0.779434 0.641788 0.803398 0.641788 0.803398 0.669593 0.779434 0.669593
52 0.142178 0.727224 0.166152 0.727224 0.166152 0.755029 0.142178 0.755029
0 0.172598 0.726533 0.196572 0.726533 0.196572 0.754346 0.172598 0.754346
2 0.237129 0.724818 0.261104 0.724818 0.261104 0.752631 0.237129 0.752631
36 0.269863 0.725509 0.293828 0.725509 0.293828 0.753314 0.269863 0.753314
4 0.299824 0.724818 0.323789 0.724818 0.323789 0.752631 0.299824 0.752631
0 0.331621 0.723794 0.355596 0.723794 0.355596 0.751599 0.331621 0.751599
48 0.361582 0.722762 0.385557 0.722762 0.385557 0.750567 0.361582 0.750567
4 0.392930 0.722078 0.416895 0.722078 0.416895 0.749884 0.392930 0.749884
0 0.422432 0.721388 0.446396 0.721388 0.446396 0.749201 0.422432 0.749201
12 0.453770 0.720705 0.477744 0.720705 0.477744 0.748510 0.453770 0.748510
9 0.483730 0.720363 0.507705 0.720363 0.507705 0.748169 0.483730 0.748169
6 0.545039 0.719331 0.569004 0.719331 0.569004 0.747137 0.545039 0.747137
16 0.573154 0.718990 0.597119 0.718990 0.597119 0.746795 0.573154 0.746795
29 0.604502 0.718307 0.628467 0.718307 0.628467 0.746112 0.604502 0.746112
0 0.632617 0.717958 0.656582 0.717958 0.656582 0.745770 0.632617 0.745770
29 0.663496 0.717958 0.687471 0.717958 0.687471 0.745770 0.663496 0.745770
61 0.693916 0.717958 0.717891 0.717958 0.717891 0.745770 0.693916 0.745770
49 0.722959 0.717958 0.746924 0.717958 0.746924 0.745770 0.722959 0.745770
13 0.141631 0.806955 0.165605 0.806955 0.165605 0.834760 0.141631 0.834760
29 0.174287 0.806381 0.198252 0.806381 0.198252 0.834186 0.174287 0.834186
0 0.203477 0.803808 0.227441 0.803808 0.227441 0.831613 0.203477 0.831613
6 0.235742 0.804666 0.259707 0.804666 0.259707 0.832471 0.235742 0.832471
9 0.268779 0.802667 0.292744 0.802667 0.292744 0.830472 0.268779 0.830472
52 0.332158 0.802384 0.356123 0.802384 0.356123 0.830189 0.332158 0.830189
0 0.362881 0.800669 0.386855 0.800669 0.386855 0.828474 0.362881 0.828474
46 0.394385 0.800669 0.418350 0.800669 0.418350 0.828474 0.394385 0.828474
4 0.423955 0.800378 0.447930 0.800378 0.447930 0.828190 0.423955 0.828190
9 0.455068 0.799811 0.479043 0.799811 0.479043 0.827616 0.455068 0.827616
28 0.140918 0.884542 0.164883 0.884542 0.164883 0.912347 0.140918 0.912347
0 0.173564 0.884062 0.197539 0.884062 0.197539 0.911875 0.173564 0.911875
6 0.237266 0.882878 0.261230 0.882878 0.261230 0.910683 0.237266 0.910683
36 0.268955 0.882398 0.292920 0.882398 0.292920 0.910203 0.268955 0.910203
25 0.299365 0.881446 0.323330 0.881446 0.323330 0.909251 0.299365 0.909251
0 0.331689 0.880734 0.355664 0.880734 0.355664 0.908539 0.331689 0.908539
46 0.363066 0.879775 0.387031 0.879775 0.387031 0.907587 0.363066 0.907587
4 0.394434 0.878590 0.418398 0.878590 0.418398 0.906395 0.394434 0.906395
16 0.425479 0.877631 0.449453 0.877631 0.449453 0.905443 0.425479 0.905443
