29 0.378105 0.070007 0.398438 0.070007 0.398438 0.092645 0.378105 0.092645
20 0.404102 0.069186 0.424434 0.069186 0.424434 0.091824 0.404102 0.091824
42 0.431758 0.070007 0.452090 0.070007 0.452090 0.092645 0.431758 0.092645
6 0.457197 0.069186 0.477529 0.069186 0.477529 0.091824 0.457197 0.091824
0 0.484307 0.069593 0.504629 0.069593 0.504629 0.092231 0.484307 0.092231
4 0.539062 0.070007 0.559395 0.070007 0.559395 0.092645 0.539062 0.092645
22 0.566162 0.070007 0.586494 0.070007 0.586494 0.092645 0.566162 0.092645
36 0.593818 0.070828 0.614150 0.070828 0.614150 0.093467 0.593818 0.093467
25 0.620371 0.070007 0.640703 0.070007 0.640703 0.092645 0.620371 0.092645
23 0.270020 0.037122 0.290352 0.037122 0.290352 0.059760 0.270020 0.059760
4 0.298154 0.036788 0.318486 0.036788 0.318486 0.059426 0.298154 0.059426
20 0.323506 0.036105 0.343838 0.036105 0.343838 0.058743 0.323506 0.058743
29 0.351162 0.036788 0.371494 0.036788 0.371494 0.059426 0.351162 0.059426
42 0.377900 0.036788 0.398223 0.036788 0.398223 0.059426 0.377900 0.059426
29 0.405557 0.036788 0.425879 0.036788 0.425879 0.059426 0.405557 0.059426
0 0.431826 0.037137 0.452158 0.037137 0.452158 0.059775 0.431826 0.059775
49 0.459941 0.036788 0.480273 0.036788 0.480273 0.059426 0.459941 0.059426
23 0.081631 0.070414 0.101963 0.070414 0.101963 0.093060 0.081631 0.093060
28 0.108184 0.070414 0.128506 0.070414 0.128506 0.093060 0.108184 0.093060
0 0.137500 0.069593 0.157822 0.069593 0.157822 0.092231 0.137500 0.092231
13 0.189492 0.069186 0.209814 0.069186 0.209814 0.091824 0.189492 0.091824
29 0.216045 0.069186 0.236367 0.069186 0.236367 0.091824 0.216045 0.091824
20 0.243701 0.069593 0.264023 0.069593 0.264023 0.092231 0.243701 0.092231
6 0.269141 0.069593 0.289473 0.069593 0.289473 0.092231 0.269141 0.092231
16 0.296797 0.069186 0.317119 0.069186 0.317119 0.091824 0.296797 0.091824
13 0.351553 0.070007 0.371885 0.070007 0.371885 0.092645 0.351553 0.092645
4 0.646924 0.070828 0.667246 0.070828 0.667246 0.093467 0.646924 0.093467
0 0.674023 0.070007 0.694355 0.070007 0.694355 0.092645 0.674023 0.092645
13 0.755850 0.068975 0.776172 0.068975 0.776172 0.091613 0.755850 0.091613
12 0.081133 0.102275 0.101455 0.102275 0.101455 0.124913 0.081133 0.124913
20 0.107246 0.101701 0.127578 0.101701 0.127578 0.124339 0.107246 0.124339
6 0.134141 0.101701 0.154463 0.101701 0.154463 0.124339 0.134141 0.124339
20 0.162178 0.101126 0.182500 0.101126 0.182500 0.123772 0.162178 0.123772
4 0.187529 0.101126 0.207852 0.101126 0.207852 0.123772 0.187529 0.123772
20 0.215566 0.101126 0.235898 0.101126 0.235898 0.123772 0.215566 0.123772
12 0.242842 0.101126 0.263164 0.101126 0.263164 0.123772 0.242842 0.123772
49 0.269346 0.101126 0.289668 0.101126 0.289668 0.123772 0.269346 0.123772
23 0.323887 0.101126 0.344219 0.101126 0.344219 0.123772 0.323887 0.123772
52 0.350010 0.101126 0.370332 0.101126 0.370332 0.123772 0.350010 0.123772
9 0.376895 0.100560 0.397227 0.100560 0.397227 0.123198 0.376895 0.123198
28 0.403779 0.102275 0.424111 0.102275 0.424111 0.124913 0.403779 0.124913
0 0.430674 0.101701 0.450996 0.101701 0.450996 0.124339 0.430674 0.124339
28 0.485986 0.100843 0.506309 0.100843 0.506309 0.123481 0.485986 0.123481
0 0.510566 0.100560 0.530898 0.100560 0.530898 0.123198 0.510566 0.123198
4 0.538994 0.101417 0.559316 0.101417 0.559316 0.124055 0.538994 0.124055
22 0.566650 0.101126 0.586973 0.101126 0.586973 0.123772 0.566650 0.123772
45 0.593535 0.101126 0.613857 0.101126 0.613857 0.123772 0.593535 0.123772
6 0.618115 0.101417 0.638447 0.101417 0.638447 0.124055 0.618115 0.124055
0 0.646162 0.101126 0.666484 0.101126 0.666484 0.123772 0.646162 0.123772
4 0.701855 0.101126 0.722178 0.101126 0.722178 0.123772 0.701855 0.123772
22 0.727979 0.100843 0.748301 0.100843 0.748301 0.123481 0.727979 0.123481
36 0.756016 0.100269 0.776338 0.100269 0.776338 0.122914 0.756016 0.122914
25 0.783672 0.100560 0.803994 0.100560 0.803994 0.123198 0.783672 0.123198
4 0.810557 0.099411 0.830889 0.099411 0.830889 0.122057 0.810557 0.122057
36 0.838984 0.098844 0.859307 0.098844 0.859307 0.121483 0.838984 0.121483
13 0.080439 0.132471 0.100762 0.132471 0.100762 0.155109 0.080439 0.155109
0 0.108096 0.132754 0.128418 0.132754 0.128418 0.155392 0.108096 0.155392
6 0.133828 0.133612 0.154160 0.133612 0.154160 0.156250 0.133828 0.156250
24 0.161865 0.134186 0.182197 0.134186 0.182197 0.156824 0.161865 0.156824
16 0.188760 0.134186 0.209082 0.134186 0.209082 0.156824 0.188760 0.156824
29 0.215264 0.133895 0.235586 0.133895 0.235586 0.156541 0.215264 0.156541
4 0.242148 0.133612 0.262480 0.133612 0.262480 0.156250 0.242148 0.156250
20 0.269033 0.133895 0.289365 0.133895 0.289365 0.156541 0.269033 0.156541
46 0.298232 0.134186 0.318555 0.134186 0.318555 0.156824 0.298232 0.156824
62 0.324736 0.133612 0.345059 0.133612 0.345059 0.156250 0.324736 0.156250
9 0.377354 0.134469 0.397686 0.134469 0.397686 0.157108 0.377354 0.157108
36 0.431904 0.134469 0.452227 0.134469 0.452227 0.157108 0.431904 0.157108
48 0.458789 0.135044 0.479111 0.135044 0.479111 0.157682 0.458789 0.157682
6 0.486445 0.134469 0.506768 0.134469 0.506768 0.157108 0.486445 0.157108
0 0.513330 0.134186 0.533662 0.134186 0.533662 0.156824 0.513330 0.156824
49 0.540215 0.135327 0.559375 0.135327 0.559375 0.156831 0.540215 0.156831
23 0.081553 0.165116 0.100713 0.165116 0.100713 0.186621 0.081553 0.186621
36 0.105059 0.165799 0.124219 0.165799 0.124219 0.187304 0.105059 0.187304
13 0.133184 0.166490 0.152334 0.166490 0.152334 0.187994 0.133184 0.187994
29 0.161299 0.166831 0.180449 0.166831 0.180449 0.188336 0.161299 0.188336
20 0.187568 0.167515 0.206729 0.167515 0.206729 0.189019 0.187568 0.189019
6 0.213379 0.167173 0.232539 0.167173 0.232539 0.188677 0.213379 0.188677
0 0.241494 0.165799 0.260654 0.165799 0.260654 0.187304 0.241494 0.187304
9 0.297676 0.167703 0.316836 0.167703 0.316836 0.189208 0.297676 0.189208
26 0.324570 0.167943 0.343721 0.167943 0.343721 0.189448 0.324570 0.189448
22 0.352100 0.167703 0.371250 0.167703 0.371250 0.189208 0.352100 0.189208
0 0.377705 0.168183 0.396855 0.168183 0.396855 0.189687 0.377705 0.189687
6 0.404590 0.167943 0.423750 0.167943 0.423750 0.189448 0.404590 0.189448
9 0.433721 0.167943 0.452871 0.167943 0.452871 0.189448 0.433721 0.189448
4 0.485576 0.168423 0.504727 0.168423 0.504727 0.189927 0.485576 0.189927
20 0.513740 0.168656 0.532900 0.168656 0.532900 0.190160 0.513740 0.190160
29 0.541270 0.168656 0.560430 0.168656 0.560430 0.190160 0.541270 0.190160
42 0.568477 0.168183 0.587637 0.168183 0.587637 0.189687 0.568477 0.189687
29 0.594404 0.167703 0.613564 0.167703 0.613564 0.189208 0.594404 0.189208
0 0.621611 0.167231 0.640771 0.167231 0.640771 0.188735 0.621611 0.188735
49 0.648184 0.168423 0.667334 0.168423 0.667334 0.189927 0.648184 0.189927
23 0.080107 0.198685 0.099258 0.198685 0.099258 0.220189 0.080107 0.220189
20 0.104688 0.199259 0.123838 0.199259 0.123838 0.220763 0.104688 0.220763
24 0.133496 0.198401 0.152646 0.198401 0.152646 0.219906 0.133496 0.219906
9 0.161152 0.199259 0.180303 0.199259 0.180303 0.220763 0.161152 0.220763
28 0.187266 0.199259 0.206426 0.199259 0.206426 0.220763 0.187266 0.220763
4 0.242578 0.200400 0.261738 0.200400 0.261738 0.221904 0.242578 0.221904
20 0.269473 0.200400 0.288623 0.200400 0.288623 0.221904 0.269473 0.221904
29 0.296357 0.200690 0.315518 0.200690 0.315518 0.222195 0.296357 0.222195
32 0.322861 0.200974 0.342021 0.200974 0.342021 0.222478 0.322861 0.222478
28 0.351289 0.201548 0.370439 0.201548 0.370439 0.223052 0.351289 0.223052
20 0.379707 0.201548 0.398867 0.201548 0.398867 0.223052 0.379707 0.223052
4 0.406211 0.201831 0.425371 0.201831 0.425371 0.223336 0.406211 0.223336
57 0.459219 0.201831 0.478379 0.201831 0.478379 0.223336 0.459219 0.223336
52 0.487266 0.200974 0.506416 0.200974 0.506416 0.222478 0.487266 0.222478
42 0.513770 0.200974 0.532920 0.200974 0.532920 0.222478 0.513770 0.222478
6 0.540654 0.200974 0.559805 0.200974 0.559805 0.222478 0.540654 0.222478
13 0.594639 0.200451 0.613799 0.200451 0.613799 0.221955 0.594639 0.221955
0 0.620889 0.200451 0.640039 0.200451 0.640039 0.221955 0.620889 0.221955
6 0.648418 0.200211 0.667568 0.200211 0.667568 0.221715 0.648418 0.221715
10 0.675625 0.199499 0.694775 0.199499 0.694775 0.221003 0.675625 0.221003
16 0.704434 0.199019 0.723584 0.199019 0.723584 0.220523 0.704434 0.220523
29 0.733242 0.199259 0.752393 0.199259 0.752393 0.220763 0.733242 0.220763
4 0.758848 0.198779 0.777998 0.198779 0.777998 0.220283 0.758848 0.220283
36 0.787656 0.197355 0.806807 0.197355 0.806807 0.218859 0.787656 0.218859
9 0.843672 0.194491 0.862822 0.194491 0.862822 0.215996 0.843672 0.215996
14 0.077813 0.231526 0.096973 0.231526 0.096973 0.253031 0.077813 0.253031
20 0.103672 0.232006 0.122832 0.232006 0.122832 0.253510 0.103672 0.253510
29 0.133125 0.231533 0.152275 0.231533 0.152275 0.253038 0.133125 0.253038
0 0.159697 0.232006 0.178848 0.232006 0.178848 0.253510 0.159697 0.253510
44 0.188496 0.232485 0.207656 0.232485 0.207656 0.253990 0.188496 0.253990
9 0.216025 0.233910 0.235186 0.233910 0.235186 0.255414 0.216025 0.255414
6 0.242275 0.233910 0.261436 0.233910 0.261436 0.255414 0.242275 0.255414
49 0.269160 0.235581 0.288320 0.235581 0.288320 0.257086 0.269160 0.257086
23 0.324219 0.233910 0.343379 0.233910 0.343379 0.255414 0.324219 0.255414
4 0.351748 0.233910 0.370908 0.233910 0.370908 0.255414 0.351748 0.255414
22 0.378633 0.234390 0.397793 0.234390 0.397793 0.255894 0.378633 0.255894
32 0.404248 0.235102 0.423398 0.235102 0.423398 0.256606 0.404248 0.256606
25 0.433369 0.234629 0.452529 0.234629 0.452529 0.256134 0.433369 0.256134
4 0.459619 0.234390 0.478779 0.234390 0.478779 0.255894 0.459619 0.255894
0 0.485869 0.234150 0.505020 0.234150 0.505020 0.255654 0.485869 0.255654
36 0.541562 0.234390 0.560723 0.234390 0.560723 0.255894 0.541562 0.255894
14 0.568135 0.234150 0.587285 0.234150 0.587285 0.255654 0.568135 0.255654
0 0.594375 0.233437 0.613535 0.233437 0.613535 0.254942 0.594375 0.254942
6 0.622871 0.233910 0.642021 0.233910 0.642021 0.255414 0.622871 0.255414
0 0.648477 0.233677 0.667627 0.233677 0.667627 0.255182 0.648477 0.255182
28 0.704814 0.231766 0.723965 0.231766 0.723965 0.253270 0.704814 0.253270
0 0.731699 0.232246 0.750859 0.232246 0.750859 0.253750 0.731699 0.253750
14 0.789316 0.229862 0.808467 0.229862 0.808467 0.251366 0.789316 0.251366
20 0.816201 0.229622 0.835361 0.229622 0.835361 0.251126 0.816201 0.251126
6 0.844375 0.229150 0.863525 0.229150 0.863525 0.250654 0.844375 0.250654
23 0.078389 0.266751 0.097539 0.266751 0.097539 0.288256 0.078389 0.288256
12 0.104121 0.266751 0.123281 0.266751 0.123281 0.288256 0.104121 0.288256
20 0.130625 0.266751 0.149785 0.266751 0.149785 0.288256 0.130625 0.288256
6 0.159434 0.267609 0.178594 0.267609 0.178594 0.289113 0.159434 0.289113
20 0.187090 0.267035 0.206250 0.267035 0.206250 0.288539 0.187090 0.288539
4 0.213594 0.268183 0.232754 0.268183 0.232754 0.289687 0.213594 0.289687
20 0.242783 0.267035 0.261943 0.267035 0.261943 0.288539 0.242783 0.288539
22 0.296943 0.268467 0.316104 0.268467 0.316104 0.289971 0.296943 0.289971
0 0.324219 0.267892 0.343369 0.267892 0.343369 0.289397 0.324219 0.289397
52 0.351875 0.268183 0.371025 0.268183 0.371025 0.289687 0.351875 0.289687
6 0.378379 0.269041 0.397529 0.269041 0.397529 0.290545 0.378379 0.290545
9 0.406416 0.268467 0.425576 0.268467 0.425576 0.289971 0.406416 0.289971
6 0.433301 0.268750 0.452461 0.268750 0.452461 0.290254 0.433301 0.290254
20 0.459424 0.268750 0.478584 0.268750 0.478584 0.290254 0.459424 0.290254
13 0.487461 0.269041 0.506621 0.269041 0.506621 0.290545 0.487461 0.290545
61 0.513965 0.268467 0.533125 0.268467 0.533125 0.289971 0.513965 0.289971
49 0.540859 0.269324 0.560010 0.269324 0.560010 0.290828 0.540859 0.290828
23 0.595781 0.268183 0.614941 0.268183 0.614941 0.289687 0.595781 0.289687
4 0.623057 0.268183 0.642217 0.268183 0.642217 0.289687 0.623057 0.289687
20 0.649941 0.267609 0.669102 0.267609 0.669102 0.289113 0.649941 0.289113
29 0.678369 0.267035 0.697520 0.267035 0.697520 0.288539 0.678369 0.288539
42 0.705254 0.266468 0.724414 0.266468 0.724414 0.287972 0.705254 0.287972
29 0.732148 0.266177 0.751299 0.266177 0.751299 0.287682 0.732148 0.287682
0 0.758652 0.265320 0.777803 0.265320 0.777803 0.286824 0.758652 0.286824
9 0.816650 0.264179 0.835801 0.264179 0.835801 0.285683 0.816650 0.285683
30 0.076670 0.298779 0.095830 0.298779 0.095830 0.320283 0.076670 0.320283
28 0.103945 0.298779 0.123096 0.298779 0.123096 0.320283 0.103945 0.320283
24 0.132363 0.298779 0.151523 0.298779 0.151523 0.320283 0.132363 0.320283
46 0.159639 0.300211 0.178799 0.300211 0.178799 0.321715 0.159639 0.321715
57 0.187676 0.300494 0.206836 0.300494 0.206836 0.321999 0.187676 0.321999
6 0.213799 0.299920 0.232949 0.299920 0.232949 0.321424 0.213799 0.321424
25 0.242607 0.300778 0.261758 0.300778 0.261758 0.322282 0.242607 0.322282
30 0.269492 0.301352 0.288652 0.301352 0.288652 0.322856 0.269492 0.322856
62 0.296768 0.300778 0.315918 0.300778 0.315918 0.322282 0.296768 0.322282
9 0.324033 0.300494 0.343193 0.300494 0.343193 0.321999 0.324033 0.321999
12 0.352080 0.300494 0.371230 0.300494 0.371230 0.321999 0.352080 0.321999
30 0.379346 0.300778 0.398506 0.300778 0.398506 0.322282 0.379346 0.322282
30 0.407002 0.301352 0.426162 0.301352 0.426162 0.322856 0.407002 0.322856
20 0.432354 0.300494 0.451514 0.300494 0.451514 0.321999 0.432354 0.321999
6 0.460010 0.301068 0.479170 0.301068 0.479170 0.322573 0.460010 0.322573
10 0.486904 0.300778 0.506055 0.300778 0.506055 0.322282 0.486904 0.322282
14 0.541826 0.301352 0.560986 0.301352 0.560986 0.322856 0.541826 0.322856
0 0.568330 0.301068 0.587490 0.301068 0.587490 0.322573 0.568330 0.322573
36 0.595986 0.299920 0.615146 0.299920 0.615146 0.321424 0.595986 0.321424
14 0.622881 0.300211 0.642031 0.300211 0.642031 0.321715 0.622881 0.321715
30 0.650537 0.299063 0.669687 0.299063 0.669687 0.320567 0.650537 0.320567
62 0.678193 0.299063 0.697344 0.299063 0.697344 0.320567 0.678193 0.320567
6 0.706611 0.298496 0.725771 0.298496 0.725771 0.320000 0.706611 0.320000
14 0.733496 0.299063 0.752656 0.299063 0.752656 0.320567 0.733496 0.320567
54 0.761152 0.297638 0.780312 0.297638 0.780312 0.319142 0.761152 0.319142
6 0.790352 0.297638 0.809502 0.297638 0.809502 0.319142 0.790352 0.319142
20 0.818008 0.297064 0.837158 0.297064 0.837158 0.318568 0.818008 0.318568
4 0.846426 0.295349 0.865586 0.295349 0.865586 0.316853 0.846426 0.316853
23 0.078818 0.331948 0.097979 0.331948 0.097979 0.353452 0.078818 0.353452
13 0.103711 0.332631 0.122871 0.332631 0.122871 0.354135 0.103711 0.354135
20 0.130791 0.332667 0.149951 0.332667 0.149951 0.354172 0.130791 0.354172
23 0.159922 0.332667 0.179082 0.332667 0.179082 0.354172 0.159922 0.354172
0 0.187451 0.332435 0.206602 0.332435 0.206602 0.353939 0.187451 0.353939
4 0.215303 0.333859 0.234453 0.333859 0.234453 0.355363 0.215303 0.355363
0 0.243145 0.333387 0.262305 0.333387 0.262305 0.354891 0.243145 0.354891
23 0.298203 0.333859 0.317354 0.333859 0.317354 0.355363 0.298203 0.355363
2 0.324453 0.333387 0.343604 0.333387 0.343604 0.354891 0.324453 0.354891
36 0.350693 0.334099 0.369854 0.334099 0.369854 0.355603 0.350693 0.355603
6 0.378545 0.334099 0.397705 0.334099 0.397705 0.355603 0.378545 0.355603
61 0.405430 0.333626 0.424590 0.333626 0.424590 0.355131 0.405430 0.355131
4 0.432959 0.333387 0.452119 0.333387 0.452119 0.354891 0.432959 0.354891
0 0.459854 0.332667 0.479004 0.332667 0.479004 0.354172 0.459854 0.354172
6 0.514590 0.333859 0.533740 0.333859 0.533740 0.355363 0.514590 0.355363
50 0.541475 0.334099 0.560625 0.334099 0.560625 0.355603 0.541475 0.355603
2 0.568682 0.333859 0.587842 0.333859 0.587842 0.355363 0.568682 0.355363
9 0.596846 0.334099 0.616006 0.334099 0.616006 0.355603 0.596846 0.355603
29 0.624375 0.332435 0.643535 0.332435 0.643535 0.353939 0.624375 0.353939
26 0.677832 0.331715 0.696992 0.331715 0.696992 0.353219 0.677832 0.353219
22 0.706318 0.332195 0.725479 0.332195 0.725479 0.353699 0.706318 0.353699
45 0.734492 0.331715 0.753643 0.331715 0.753643 0.353219 0.734492 0.353219
13 0.762021 0.331243 0.781172 0.331243 0.781172 0.352747 0.762021 0.352747
29 0.791465 0.330763 0.810625 0.330763 0.810625 0.352267 0.791465 0.352267
61 0.819639 0.330291 0.838789 0.330291 0.838789 0.351795 0.819639 0.351795
4 0.076143 0.370196 0.095293 0.370196 0.095293 0.391701 0.076143 0.391701
20 0.102266 0.369317 0.121426 0.369317 0.121426 0.390821 0.102266 0.390821
13 0.131348 0.369913 0.150498 0.369913 0.150498 0.391417 0.131348 0.391417
29 0.159355 0.369913 0.178506 0.369913 0.178506 0.391417 0.159355 0.391417
53 0.187363 0.371301 0.206514 0.371301 0.206514 0.392805 0.187363 0.392805
14 0.243115 0.370705 0.262266 0.370705 0.262266 0.392209 0.243115 0.392209
20 0.269785 0.371301 0.288945 0.371301 0.288945 0.392805 0.269785 0.392805
24 0.298057 0.369121 0.317217 0.369121 0.317217 0.390625 0.298057 0.390625
4 0.352207 0.371105 0.371367 0.371105 0.371367 0.392609 0.352207 0.392609
22 0.378613 0.371105 0.397773 0.371105 0.397773 0.392609 0.378613 0.392609
45 0.405029 0.371504 0.424180 0.371504 0.424180 0.393009 0.405029 0.393009
6 0.432764 0.370705 0.451924 0.370705 0.451924 0.392209 0.432764 0.392209
61 0.460244 0.371105 0.479395 0.371105 0.479395 0.392609 0.460244 0.392609
8 0.487715 0.369913 0.506875 0.369913 0.506875 0.391417 0.487715 0.391417
20 0.514922 0.370908 0.534082 0.370908 0.534082 0.392413 0.514922 0.392413
12 0.541865 0.370705 0.561016 0.370705 0.561016 0.392209 0.541865 0.392209
49 0.569336 0.371301 0.588496 0.371301 0.588496 0.392805 0.569336 0.392805
59 0.074756 0.403946 0.093916 0.403946 0.093916 0.425451 0.074756 0.425451
2 0.101660 0.402180 0.120811 0.402180 0.120811 0.423685 0.101660 0.423685
3 0.126631 0.404324 0.145781 0.404324 0.145781 0.425828 0.126631 0.425828
59 0.159277 0.403844 0.178428 0.403844 0.178428 0.425349 0.159277 0.425349
0 0.187764 0.403372 0.206924 0.403372 0.206924 0.424876 0.187764 0.424876
25 0.213369 0.403844 0.232529 0.403844 0.232529 0.425349 0.213369 0.425349
53 0.268428 0.406708 0.287588 0.406708 0.287588 0.428212 0.268428 0.428212
59 0.295957 0.405276 0.315107 0.405276 0.315107 0.426781 0.295957 0.426781
2 0.322246 0.404797 0.341406 0.404797 0.341406 0.426301 0.322246 0.426301
25 0.353252 0.404324 0.372412 0.404324 0.372412 0.425828 0.353252 0.425828
59 0.074355 0.433241 0.093506 0.433241 0.093506 0.454746 0.074355 0.454746
2 0.100088 0.432958 0.119248 0.432958 0.119248 0.454462 0.100088 0.454462
3 0.128516 0.433241 0.147666 0.433241 0.147666 0.454746 0.128516 0.454746
59 0.158086 0.433815 0.177246 0.433815 0.177246 0.455320 0.158086 0.455320
9 0.185742 0.433525 0.204902 0.433525 0.204902 0.455029 0.185742 0.455029
53 0.241826 0.434956 0.260986 0.434956 0.260986 0.456461 0.241826 0.456461
59 0.268711 0.434673 0.287871 0.434673 0.287871 0.456177 0.268711 0.456177
0 0.296758 0.433815 0.315908 0.433815 0.315908 0.455320 0.296758 0.455320
18 0.323643 0.433525 0.342793 0.433525 0.342793 0.455029 0.323643 0.455029
59 0.074697 0.467413 0.093848 0.467413 0.093848 0.488917 0.074697 0.488917
2 0.101016 0.466562 0.120176 0.466562 0.120176 0.488067 0.101016 0.488067
3 0.127520 0.467711 0.146680 0.467711 0.146680 0.489215 0.127520 0.489215
59 0.159404 0.468568 0.178555 0.468568 0.178555 0.490073 0.159404 0.490073
18 0.186289 0.467137 0.205449 0.467137 0.205449 0.488641 0.186289 0.488641
53 0.240830 0.469709 0.259990 0.469709 0.259990 0.491214 0.240830 0.491214
59 0.269258 0.468278 0.288418 0.468278 0.288418 0.489782 0.269258 0.489782
0 0.295762 0.466853 0.314912 0.466853 0.314912 0.488358 0.295762 0.488358
10 0.324189 0.466279 0.343340 0.466279 0.343340 0.487783 0.324189 0.487783
59 0.073740 0.502013 0.092900 0.502013 0.092900 0.523517 0.073740 0.523517
2 0.100244 0.500298 0.119404 0.500298 0.119404 0.521802 0.100244 0.521802
3 0.127900 0.502580 0.147061 0.502580 0.147061 0.524084 0.127900 0.524084
59 0.157861 0.502580 0.177021 0.502580 0.177021 0.524084 0.157861 0.524084
10 0.186289 0.500298 0.205449 0.500298 0.205449 0.521802 0.186289 0.521802
53 0.241221 0.501722 0.260371 0.501722 0.260371 0.523227 0.241221 0.523227
59 0.269258 0.502013 0.288418 0.502013 0.288418 0.523517 0.269258 0.523517
0 0.296143 0.500581 0.315303 0.500581 0.315303 0.522086 0.296143 0.522086
2 0.324570 0.500581 0.343721 0.500581 0.343721 0.522086 0.324570 0.522086
59 0.073359 0.536882 0.092520 0.536882 0.092520 0.558387 0.073359 0.558387
2 0.101016 0.535741 0.120176 0.535741 0.120176 0.557246 0.101016 0.557246
3 0.127900 0.536308 0.147061 0.536308 0.147061 0.557812 0.127900 0.557812
59 0.157861 0.535741 0.177021 0.535741 0.177021 0.557246 0.157861 0.557246
16 0.187061 0.535167 0.206211 0.535167 0.206211 0.556672 0.187061 0.556672
53 0.241221 0.537740 0.260371 0.537740 0.260371 0.559244 0.241221 0.559244
59 0.268877 0.536599 0.288027 0.536599 0.288027 0.558103 0.268877 0.558103
0 0.295762 0.535458 0.314912 0.535458 0.314912 0.556962 0.295762 0.556962
59 0.350693 0.536308 0.369844 0.536308 0.369844 0.557812 0.350693 0.557812
0 0.377959 0.534600 0.397119 0.534600 0.397119 0.556105 0.377959 0.556105
25 0.405234 0.536308 0.424385 0.536308 0.424385 0.557812 0.405234 0.557812
59 0.072969 0.570472 0.092119 0.570472 0.092119 0.591977 0.072969 0.591977
2 0.099531 0.569760 0.118691 0.569760 0.118691 0.591265 0.099531 0.591265
3 0.125459 0.570712 0.144619 0.570712 0.144619 0.592217 0.125459 0.592217
59 0.156191 0.569760 0.175352 0.569760 0.175352 0.591265 0.156191 0.591265
24 0.184678 0.569281 0.203838 0.569281 0.203838 0.590785 0.184678 0.590785
53 0.239414 0.572616 0.258574 0.572616 0.258574 0.594121 0.239414 0.594121
59 0.267588 0.570712 0.286738 0.570712 0.286738 0.592217 0.267588 0.592217
18 0.296396 0.569281 0.315547 0.569281 0.315547 0.590785 0.296396 0.590785
59 0.071563 0.604731 0.090723 0.604731 0.090723 0.626235 0.071563 0.626235
2 0.096533 0.604259 0.115693 0.604259 0.115693 0.625763 0.096533 0.625763
3 0.124385 0.606163 0.143535 0.606163 0.143535 0.627667 0.124385 0.627667
59 0.155430 0.604731 0.174590 0.604731 0.174590 0.626235 0.155430 0.626235
8 0.184238 0.602587 0.203398 0.602587 0.203398 0.624092 0.184238 0.624092
53 0.238652 0.605451 0.257812 0.605451 0.257812 0.626955 0.238652 0.626955
59 0.266182 0.605451 0.285342 0.605451 0.285342 0.626955 0.266182 0.626955
10 0.294033 0.604019 0.313184 0.604019 0.313184 0.625523 0.294033 0.625523
59 0.070889 0.639898 0.090039 0.639898 0.090039 0.661403 0.070889 0.661403
2 0.097822 0.638706 0.116982 0.638706 0.116982 0.660211 0.097822 0.660211
3 0.125039 0.640690 0.144189 0.640690 0.144189 0.662195 0.125039 0.662195
59 0.154912 0.639099 0.174063 0.639099 0.174063 0.660603 0.154912 0.660603
2 0.181582 0.639302 0.200742 0.639302 0.200742 0.660807 0.181582 0.660807
53 0.236934 0.641010 0.256094 0.641010 0.256094 0.662515 0.236934 0.662515
59 0.265059 0.638953 0.284209 0.638953 0.284209 0.660458 0.265059 0.660458
24 0.294092 0.638953 0.313252 0.638953 0.313252 0.660458 0.294092 0.660458
