8 0.878809 0.083917 0.897207 0.083917 0.897207 0.098547 0.878809 0.098547
22 0.215400 0.104702 0.233809 0.104702 0.233809 0.126730 0.215400 0.126730
0 0.239277 0.104593 0.257676 0.104593 0.257676 0.126628 0.239277 0.126628
52 0.263545 0.104397 0.281953 0.104397 0.281953 0.126424 0.263545 0.126424
20 0.287500 0.105545 0.305908 0.105545 0.305908 0.127580 0.287500 0.127580
22 0.311826 0.105305 0.330234 0.105305 0.330234 0.127340 0.311826 0.127340
57 0.337119 0.105065 0.355518 0.105065 0.355518 0.127100 0.337119 0.127100
9 0.360479 0.105065 0.378887 0.105065 0.378887 0.127100 0.360479 0.127100
16 0.409141 0.105305 0.427539 0.105305 0.427539 0.127340 0.409141 0.127340
26 0.433467 0.106017 0.451865 0.106017 0.451865 0.128052 0.433467 0.128052
20 0.456514 0.105785 0.474912 0.105785 0.474912 0.127812 0.456514 0.127812
28 0.505166 0.107449 0.523574 0.107449 0.523574 0.129484 0.505166 0.129484
0 0.528535 0.106737 0.546934 0.106737 0.546934 0.128765 0.528535 0.128765
58 0.575264 0.108641 0.593672 0.108641 0.593672 0.130676 0.575264 0.130676
0 0.599268 0.108881 0.617676 0.108881 0.617676 0.130916 0.599268 0.130916
13 0.622637 0.108161 0.641045 0.108161 0.641045 0.130196 0.622637 0.130196
29 0.646650 0.108641 0.665049 0.108641 0.665049 0.130676 0.646650 0.130676
9 0.669687 0.108401 0.688096 0.108401 0.688096 0.130436 0.669687 0.130436
1 0.693057 0.108161 0.711465 0.108161 0.711465 0.130196 0.693057 0.130196
59 0.833193 0.082529 0.851602 0.082529 0.851602 0.104564 0.833193 0.104564
0 0.855332 0.083721 0.873740 0.083721 0.873740 0.099346 0.855332 0.099346
57 0.214883 0.162558 0.233291 0.162558 0.233291 0.184593 0.214883 0.184593
45 0.239209 0.162078 0.257617 0.162078 0.257617 0.184113 0.239209 0.184113
22 0.262900 0.162558 0.281309 0.162558 0.281309 0.184593 0.262900 0.184593
57 0.288506 0.162318 0.306914 0.162318 0.306914 0.184353 0.288506 0.184353
9 0.311553 0.162318 0.329961 0.162318 0.329961 0.184353 0.311553 0.184353
13 0.360205 0.163750 0.378613 0.163750 0.378613 0.185785 0.360205 0.185785
20 0.384854 0.163750 0.403262 0.163750 0.403262 0.185785 0.384854 0.185785
6 0.408867 0.163750 0.427266 0.163750 0.427266 0.185785 0.408867 0.185785
28 0.433193 0.164222 0.451592 0.164222 0.451592 0.186257 0.433193 0.186257
45 0.457832 0.164222 0.476240 0.164222 0.476240 0.186257 0.457832 0.186257
48 0.480566 0.164942 0.498965 0.164942 0.498965 0.186969 0.480566 0.186969
4 0.505527 0.164702 0.523936 0.164702 0.523936 0.186737 0.505527 0.186737
20 0.529854 0.164702 0.548262 0.164702 0.548262 0.186737 0.529854 0.186737
9 0.575635 0.166846 0.594033 0.166846 0.594033 0.188881 0.575635 0.188881
52 0.599639 0.165894 0.618047 0.165894 0.618047 0.187929 0.599639 0.187929
14 0.647334 0.165174 0.665732 0.165174 0.665732 0.187209 0.647334 0.187209
0 0.670059 0.164942 0.688467 0.164942 0.688467 0.186969 0.670059 0.186969
13 0.694063 0.166366 0.712471 0.166366 0.712471 0.188401 0.694063 0.188401
29 0.718711 0.166846 0.737119 0.166846 0.737119 0.188881 0.718711 0.188881
9 0.742402 0.167558 0.760801 0.167558 0.760801 0.189593 0.742402 0.189593
49 0.765127 0.168510 0.783535 0.168510 0.783535 0.190545 0.765127 0.190545
9 0.214365 0.221868 0.232773 0.221868 0.232773 0.243903 0.214365 0.243903
4 0.262383 0.222108 0.280781 0.222108 0.280781 0.244142 0.262383 0.244142
20 0.287031 0.221635 0.305430 0.221635 0.305430 0.243670 0.287031 0.243670
26 0.311670 0.221868 0.330078 0.221868 0.330078 0.243903 0.311670 0.243903
24 0.336963 0.222108 0.355371 0.222108 0.355371 0.244142 0.336963 0.244142
0 0.360332 0.221635 0.378730 0.221635 0.378730 0.243670 0.360332 0.243670
20 0.409307 0.223060 0.427705 0.223060 0.427705 0.245094 0.409307 0.245094
28 0.432988 0.223060 0.451396 0.223060 0.451396 0.245094 0.432988 0.245094
20 0.457314 0.222587 0.475723 0.222587 0.475723 0.244622 0.457314 0.244622
20 0.505654 0.223299 0.524053 0.223299 0.524053 0.245334 0.505654 0.245334
14 0.529336 0.223060 0.547744 0.223060 0.547744 0.245094 0.529336 0.245094
42 0.552061 0.224251 0.570469 0.224251 0.570469 0.246286 0.552061 0.246286
29 0.576387 0.224731 0.594795 0.224731 0.594795 0.246766 0.576387 0.246766
61 0.599756 0.224731 0.618164 0.224731 0.618164 0.246766 0.599756 0.246766
2 0.213281 0.281315 0.231680 0.281315 0.231680 0.303350 0.213281 0.303350
36 0.238350 0.280719 0.256758 0.280719 0.256758 0.302754 0.238350 0.302754
24 0.262354 0.280916 0.280762 0.280916 0.280762 0.302951 0.262354 0.302951
16 0.288496 0.281715 0.306904 0.281715 0.306904 0.303743 0.288496 0.303743
29 0.311709 0.281512 0.330107 0.281512 0.330107 0.303547 0.311709 0.303547
28 0.360791 0.281911 0.379189 0.281911 0.379189 0.303946 0.360791 0.303946
0 0.384795 0.282108 0.403203 0.282108 0.403203 0.304142 0.384795 0.304142
28 0.433340 0.283103 0.451748 0.283103 0.451748 0.305138 0.433340 0.305138
16 0.457080 0.282900 0.475488 0.282900 0.475488 0.304935 0.457080 0.304935
2 0.480820 0.283299 0.499229 0.283299 0.499229 0.305334 0.480820 0.305334
16 0.505361 0.283103 0.523770 0.283103 0.523770 0.305138 0.505361 0.305138
13 0.551777 0.283103 0.570186 0.283103 0.570186 0.305138 0.551777 0.305138
9 0.575781 0.283496 0.594189 0.283496 0.594189 0.305531 0.575781 0.305531
42 0.599521 0.283299 0.617930 0.283299 0.617930 0.305334 0.599521 0.305334
29 0.624062 0.283103 0.642471 0.283103 0.642471 0.305138 0.624062 0.305138
61 0.648066 0.283299 0.666475 0.283299 0.666475 0.305334 0.648066 0.305334
1 0.671006 0.283299 0.689414 0.283299 0.689414 0.305334 0.671006 0.305334
12 0.213105 0.340785 0.231504 0.340785 0.231504 0.362820 0.213105 0.362820
0 0.237109 0.341025 0.255518 0.341025 0.255518 0.363060 0.237109 0.363060
6 0.262080 0.341025 0.280479 0.341025 0.280479 0.363060 0.262080 0.363060
45 0.287363 0.341504 0.305771 0.341504 0.305771 0.363539 0.287363 0.363539
48 0.311689 0.341504 0.330098 0.341504 0.330098 0.363539 0.311689 0.363539
9 0.335703 0.341504 0.354102 0.341504 0.354102 0.363539 0.335703 0.363539
29 0.384990 0.341977 0.403398 0.341977 0.403398 0.364012 0.384990 0.364012
57 0.409268 0.342100 0.427676 0.342100 0.427676 0.364128 0.409268 0.364128
20 0.433545 0.342100 0.451943 0.342100 0.451943 0.364128 0.433545 0.364128
9 0.456748 0.342297 0.475156 0.342297 0.475156 0.364331 0.456748 0.364331
12 0.505293 0.342493 0.523701 0.342493 0.523701 0.364528 0.505293 0.364528
20 0.528770 0.341701 0.547178 0.341701 0.547178 0.363735 0.528770 0.363735
18 0.552510 0.341897 0.570918 0.341897 0.570918 0.363932 0.552510 0.363932
28 0.575449 0.343089 0.593857 0.343089 0.593857 0.365124 0.575449 0.365124
0 0.599453 0.342493 0.617861 0.342493 0.617861 0.364528 0.599453 0.364528
29 0.624531 0.342493 0.642939 0.342493 0.642939 0.364528 0.624531 0.364528
45 0.648535 0.342493 0.666943 0.342493 0.666943 0.364528 0.648535 0.364528
16 0.672012 0.343089 0.690420 0.343089 0.690420 0.365124 0.672012 0.365124
1 0.695488 0.342892 0.713887 0.342892 0.713887 0.364927 0.695488 0.364927
12 0.212998 0.400625 0.231406 0.400625 0.231406 0.422660 0.212998 0.422660
16 0.238340 0.400959 0.256748 0.400959 0.256748 0.422994 0.238340 0.422994
24 0.263232 0.400959 0.281641 0.400959 0.281641 0.422994 0.263232 0.422994
57 0.287461 0.401286 0.305869 0.401286 0.305869 0.423321 0.287461 0.423321
16 0.311025 0.401453 0.329434 0.401453 0.329434 0.423488 0.311025 0.423488
25 0.335254 0.401788 0.353662 0.401788 0.353662 0.423823 0.335254 0.423823
0 0.361045 0.401453 0.379443 0.401453 0.379443 0.423488 0.361045 0.423488
29 0.384824 0.401126 0.403232 0.401126 0.403232 0.423161 0.384824 0.423161
0 0.408828 0.401126 0.427236 0.401126 0.427236 0.423161 0.408828 0.423161
29 0.457070 0.401453 0.475479 0.401453 0.475479 0.423488 0.457070 0.423488
20 0.481074 0.401286 0.499482 0.401286 0.499482 0.423321 0.481074 0.423321
6 0.504863 0.401286 0.523262 0.401286 0.523262 0.423321 0.504863 0.423321
13 0.528428 0.401126 0.546826 0.401126 0.546826 0.423161 0.528428 0.423161
29 0.551543 0.401788 0.569951 0.401788 0.569951 0.423823 0.551543 0.423823
20 0.576211 0.401286 0.594619 0.401286 0.594619 0.423321 0.576211 0.423321
14 0.599775 0.401621 0.618184 0.401621 0.618184 0.423656 0.599775 0.423656
42 0.623564 0.401621 0.641963 0.401621 0.641963 0.423656 0.623564 0.423656
29 0.647568 0.401453 0.665977 0.401453 0.665977 0.423488 0.647568 0.423488
45 0.671572 0.401788 0.689980 0.401788 0.689980 0.423823 0.671572 0.423823
16 0.695137 0.401286 0.713545 0.401286 0.713545 0.423321 0.695137 0.423321
1 0.719590 0.401286 0.737998 0.401286 0.737998 0.423321 0.719590 0.423321
13 0.212812 0.460509 0.231221 0.460509 0.231221 0.482544 0.212812 0.482544
0 0.236660 0.460465 0.255068 0.460465 0.255068 0.482500 0.236660 0.482500
12 0.262529 0.460465 0.280938 0.460465 0.280938 0.482500 0.262529 0.482500
9 0.287607 0.460858 0.306016 0.460858 0.306016 0.482892 0.287607 0.482892
4 0.336152 0.460262 0.354561 0.460262 0.354561 0.482297 0.336152 0.482297
24 0.386035 0.459666 0.404443 0.459666 0.404443 0.481701 0.386035 0.481701
20 0.409512 0.460262 0.427910 0.460262 0.427910 0.482297 0.409512 0.482297
12 0.432979 0.461061 0.451387 0.461061 0.451387 0.483096 0.432979 0.483096
36 0.457793 0.461061 0.476191 0.461061 0.476191 0.483096 0.457793 0.483096
14 0.505537 0.460465 0.523945 0.460465 0.523945 0.482500 0.505537 0.482500
22 0.528740 0.460465 0.547148 0.460465 0.547148 0.482500 0.528740 0.482500
9 0.551152 0.460661 0.569561 0.460661 0.569561 0.482696 0.551152 0.482696
2 0.575420 0.460262 0.593828 0.460262 0.593828 0.482297 0.575420 0.482297
16 0.599961 0.460858 0.618369 0.460858 0.618369 0.482892 0.599961 0.482892
26 0.623437 0.460262 0.641846 0.460262 0.641846 0.482297 0.623437 0.482297
36 0.647441 0.460065 0.665850 0.460065 0.665850 0.482100 0.647441 0.482100
29 0.672256 0.460858 0.690654 0.460858 0.690654 0.482892 0.672256 0.482892
17 0.695459 0.460262 0.713867 0.460262 0.713867 0.482297 0.695459 0.482297
37 0.211914 0.522166 0.230322 0.522166 0.230322 0.544201 0.211914 0.544201
52 0.237256 0.520182 0.255664 0.520182 0.255664 0.542217 0.237256 0.542217
24 0.262148 0.520509 0.280557 0.520509 0.280557 0.542544 0.262148 0.542544
22 0.286377 0.520182 0.304785 0.520182 0.304785 0.542217 0.286377 0.542217
0 0.309717 0.520509 0.328125 0.520509 0.328125 0.542544 0.309717 0.542544
57 0.336396 0.520509 0.354805 0.520509 0.354805 0.542544 0.336396 0.542544
13 0.360400 0.520015 0.378809 0.520015 0.378809 0.542049 0.360400 0.542049
29 0.385303 0.519680 0.403701 0.519680 0.403701 0.541715 0.385303 0.541715
57 0.408643 0.520182 0.427041 0.520182 0.427041 0.542217 0.408643 0.542217
36 0.433311 0.519186 0.451719 0.519186 0.451719 0.541221 0.433311 0.541221
46 0.457539 0.519680 0.475947 0.519680 0.475947 0.541715 0.457539 0.541715
1 0.481104 0.519680 0.499512 0.519680 0.499512 0.541715 0.481104 0.541715
24 0.505781 0.519186 0.524180 0.519186 0.524180 0.541221 0.505781 0.541221
16 0.528896 0.519847 0.547305 0.519847 0.547305 0.541882 0.528896 0.541882
24 0.551572 0.519680 0.569971 0.519680 0.569971 0.541715 0.551572 0.541715
36 0.576465 0.519353 0.594873 0.519353 0.594873 0.541388 0.576465 0.541388
48 0.599805 0.520509 0.618213 0.520509 0.618213 0.542544 0.599805 0.542544
4 0.624697 0.519353 0.643105 0.519353 0.643105 0.541388 0.624697 0.541388
0 0.648262 0.519680 0.666670 0.519680 0.666670 0.541715 0.648262 0.541715
1 0.672051 0.520015 0.690459 0.520015 0.690459 0.542049 0.672051 0.542049
12 0.696504 0.519520 0.714902 0.519520 0.714902 0.541555 0.696504 0.541555
45 0.721621 0.519353 0.740020 0.519353 0.740020 0.541388 0.721621 0.541388
29 0.767627 0.520342 0.786035 0.520342 0.786035 0.542376 0.767627 0.542376
36 0.792305 0.519847 0.810713 0.519847 0.810713 0.541882 0.792305 0.541882
29 0.816533 0.519847 0.834941 0.519847 0.834941 0.541882 0.816533 0.541882
21 0.839648 0.519680 0.858057 0.519680 0.858057 0.541715 0.839648 0.541715
51 0.864102 0.520342 0.882510 0.520342 0.882510 0.542376 0.864102 0.542376
9 0.211113 0.580465 0.229521 0.580465 0.229521 0.602500 0.211113 0.602500
57 0.260986 0.580669 0.279385 0.580669 0.279385 0.602703 0.260986 0.602703
13 0.285938 0.580443 0.304346 0.580443 0.304346 0.602478 0.285938 0.602478
29 0.310205 0.580996 0.328613 0.580996 0.328613 0.603031 0.310205 0.603031
0 0.334287 0.580443 0.352695 0.580443 0.352695 0.602478 0.334287 0.602478
6 0.359482 0.579891 0.377881 0.579891 0.377881 0.601926 0.359482 0.601926
12 0.210840 0.642813 0.229248 0.642813 0.229248 0.664847 0.210840 0.664847
16 0.236523 0.643045 0.254932 0.643045 0.254932 0.665080 0.236523 0.665080
24 0.260605 0.642246 0.279014 0.642246 0.279014 0.664281 0.260605 0.664281
57 0.284873 0.642115 0.303281 0.642115 0.303281 0.664142 0.284873 0.664142
16 0.309512 0.641977 0.327910 0.641977 0.327910 0.664012 0.309512 0.664012
24 0.334512 0.641424 0.352920 0.641424 0.352920 0.663459 0.334512 0.663459
61 0.359707 0.641424 0.378115 0.641424 0.378115 0.663459 0.359707 0.663459
1 0.383604 0.641562 0.402012 0.641562 0.402012 0.663597 0.383604 0.663597
52 0.208496 0.704920 0.226904 0.704920 0.226904 0.726955 0.208496 0.726955
0 0.234277 0.704259 0.252686 0.704259 0.252686 0.726294 0.234277 0.726294
22 0.259180 0.704259 0.277578 0.704259 0.277578 0.726294 0.259180 0.726294
45 0.284072 0.704099 0.302480 0.704099 0.302480 0.726134 0.284072 0.726134
58 0.308965 0.703270 0.327373 0.703270 0.327373 0.725305 0.308965 0.725305
0 0.333418 0.703765 0.351826 0.703765 0.351826 0.725799 0.333418 0.725799
6 0.358535 0.702936 0.376943 0.702936 0.376943 0.724971 0.358535 0.724971
12 0.208291 0.767565 0.226689 0.767565 0.226689 0.789593 0.208291 0.789593
16 0.234424 0.767166 0.252832 0.767166 0.252832 0.789201 0.234424 0.789201
24 0.258437 0.766374 0.276836 0.766374 0.276836 0.788408 0.258437 0.788408
57 0.282979 0.766374 0.301377 0.766374 0.301377 0.788408 0.282979 0.788408
16 0.308047 0.765778 0.326455 0.765778 0.326455 0.787813 0.308047 0.787813
24 0.332852 0.764978 0.351260 0.764978 0.351260 0.787013 0.332852 0.787013
61 0.358193 0.764978 0.376602 0.764978 0.376602 0.787013 0.358193 0.787013
1 0.383535 0.765378 0.401943 0.765378 0.401943 0.787413 0.383535 0.787413
