4 0.426797 0.119390 0.446592 0.119390 0.446592 0.144433 0.426797 0.144433
50 0.164531 0.121788 0.184316 0.121788 0.184316 0.146831 0.164531 0.146831
48 0.197715 0.121788 0.217500 0.121788 0.217500 0.146831 0.197715 0.146831
0 0.228594 0.121105 0.248389 0.121105 0.248389 0.146148 0.228594 0.146148
13 0.296816 0.120422 0.316602 0.120422 0.316602 0.145458 0.296816 0.145458
14 0.329082 0.120422 0.348867 0.120422 0.348867 0.145458 0.329082 0.145458
20 0.362266 0.120422 0.382061 0.120422 0.382061 0.145458 0.362266 0.145458
29 0.395459 0.119390 0.415244 0.119390 0.415244 0.144433 0.395459 0.144433
4 0.622432 0.042297 0.642227 0.042297 0.642227 0.067340 0.622432 0.067340
20 0.654512 0.043001 0.674307 0.043001 0.674307 0.068045 0.654512 0.068045
6 0.686777 0.043692 0.706572 0.043692 0.706572 0.068728 0.686777 0.068728
16 0.720889 0.043350 0.740684 0.043350 0.740684 0.068387 0.720889 0.068387
28 0.752236 0.043350 0.772021 0.043350 0.772021 0.068387 0.752236 0.068387
9 0.784033 0.044375 0.803828 0.044375 0.803828 0.069419 0.784033 0.069419
49 0.818145 0.044033 0.837939 0.044033 0.837939 0.069070 0.818145 0.069070
23 0.036846 0.082936 0.056641 0.082936 0.056641 0.107980 0.036846 0.107980
44 0.068379 0.082936 0.088174 0.082936 0.088174 0.107980 0.068379 0.107980
16 0.100459 0.082115 0.120254 0.082115 0.120254 0.107158 0.100459 0.107158
28 0.133096 0.082936 0.152881 0.082936 0.152881 0.107980 0.133096 0.107980
20 0.164072 0.082936 0.183857 0.082936 0.183857 0.107980 0.164072 0.107980
4 0.196152 0.082529 0.215938 0.082529 0.215938 0.107565 0.196152 0.107565
14 0.263633 0.081294 0.283418 0.081294 0.283418 0.106330 0.263633 0.106330
20 0.295713 0.081294 0.315498 0.081294 0.315498 0.106330 0.295713 0.106330
29 0.330000 0.080879 0.349795 0.080879 0.349795 0.105923 0.330000 0.105923
42 0.362637 0.080879 0.382432 0.080879 0.382432 0.105923 0.362637 0.105923
28 0.395830 0.080058 0.415615 0.080058 0.415615 0.105094 0.395830 0.105094
36 0.427354 0.081701 0.447148 0.081701 0.447148 0.106744 0.427354 0.106744
6 0.458877 0.080058 0.478672 0.080058 0.478672 0.105094 0.458877 0.105094
13 0.494277 0.080058 0.514072 0.080058 0.514072 0.105094 0.494277 0.105094
42 0.526367 0.080879 0.546152 0.080879 0.546152 0.105923 0.526367 0.105923
9 0.591631 0.078001 0.611426 0.078001 0.611426 0.103038 0.591631 0.103038
52 0.658008 0.078001 0.677793 0.078001 0.677793 0.103038 0.658008 0.103038
0 0.690088 0.078001 0.709873 0.078001 0.709873 0.103038 0.690088 0.103038
13 0.724375 0.079644 0.744170 0.079644 0.744170 0.104688 0.724375 0.104688
28 0.755908 0.079237 0.775703 0.079237 0.775703 0.104273 0.755908 0.104273
36 0.787988 0.078408 0.807783 0.078408 0.807783 0.103452 0.787988 0.103452
6 0.819512 0.078823 0.839307 0.078823 0.839307 0.103859 0.819512 0.103859
49 0.854912 0.079644 0.874707 0.079644 0.874707 0.104688 0.854912 0.104688
23 0.037461 0.122776 0.057246 0.122776 0.057246 0.147820 0.037461 0.147820
57 0.067324 0.122776 0.087119 0.122776 0.087119 0.147820 0.067324 0.147820
0 0.097695 0.121788 0.117480 0.121788 0.117480 0.146831 0.097695 0.146831
6 0.130420 0.122478 0.150205 0.122478 0.150205 0.147515 0.130420 0.147515
28 0.460908 0.119731 0.480703 0.119731 0.480703 0.144775 0.460908 0.144775
36 0.493633 0.119731 0.513428 0.119731 0.513428 0.144775 0.493633 0.144775
6 0.524053 0.120073 0.543848 0.120073 0.543848 0.145116 0.524053 0.145116
0 0.556318 0.118016 0.576113 0.118016 0.576113 0.143060 0.556318 0.143060
13 0.593193 0.118358 0.612988 0.118358 0.612988 0.143401 0.593193 0.143401
61 0.625918 0.118016 0.645713 0.118016 0.645713 0.143060 0.625918 0.143060
20 0.691836 0.116650 0.711631 0.116650 0.711631 0.141686 0.691836 0.141686
14 0.756826 0.116642 0.776621 0.116642 0.776621 0.141686 0.756826 0.141686
16 0.790937 0.116642 0.810723 0.116642 0.810723 0.141686 0.790937 0.141686
28 0.823203 0.116301 0.842988 0.116301 0.842988 0.141344 0.823203 0.141344
62 0.856846 0.115276 0.876641 0.115276 0.876641 0.140313 0.856846 0.140313
32 0.887734 0.115618 0.909375 0.115618 0.909375 0.140654 0.887734 0.140654
4 0.918613 0.115618 0.938408 0.115618 0.938408 0.140654 0.918613 0.140654
62 0.954111 0.116642 0.973896 0.116642 0.973896 0.141686 0.954111 0.141686
9 0.036074 0.163358 0.055859 0.163358 0.055859 0.188401 0.036074 0.188401
52 0.099004 0.162224 0.118789 0.162224 0.118789 0.187267 0.099004 0.187267
0 0.131328 0.161984 0.151123 0.161984 0.151123 0.187028 0.131328 0.187028
14 0.165576 0.161751 0.185371 0.161751 0.185371 0.186788 0.165576 0.186788
6 0.197588 0.161751 0.217383 0.161751 0.217383 0.186788 0.197588 0.186788
0 0.229277 0.160320 0.249072 0.160320 0.249072 0.185363 0.229277 0.185363
4 0.261924 0.159840 0.281719 0.159840 0.281719 0.184884 0.261924 0.184884
0 0.296494 0.159368 0.316289 0.159368 0.316289 0.184404 0.296494 0.184404
6 0.328506 0.160799 0.348301 0.160799 0.348301 0.185836 0.328506 0.185836
0 0.360195 0.159368 0.379990 0.159368 0.379990 0.184404 0.360195 0.184404
49 0.395410 0.161512 0.415195 0.161512 0.415195 0.186548 0.395410 0.186548
23 0.039482 0.203416 0.059277 0.203416 0.059277 0.228459 0.039482 0.228459
12 0.068828 0.204135 0.088623 0.204135 0.088623 0.229179 0.068828 0.229179
0 0.099561 0.202420 0.119346 0.202420 0.119346 0.227464 0.099561 0.227464
6 0.132588 0.202994 0.152383 0.202994 0.152383 0.228031 0.132588 0.228031
61 0.167158 0.203278 0.186953 0.203278 0.186953 0.228321 0.167158 0.228321
30 0.199814 0.202703 0.219600 0.202703 0.219600 0.227747 0.199814 0.227747
9 0.232461 0.201846 0.252256 0.201846 0.252256 0.226890 0.232461 0.226890
4 0.263955 0.202703 0.283750 0.202703 0.283750 0.227747 0.263955 0.227747
62 0.330762 0.201308 0.351357 0.201308 0.351357 0.229142 0.330762 0.229142
62 0.363428 0.201025 0.384014 0.201025 0.384014 0.228859 0.363428 0.228859
23 0.397998 0.201308 0.418584 0.201308 0.418584 0.229142 0.397998 0.229142
25 0.428730 0.201308 0.449316 0.201308 0.449316 0.229142 0.428730 0.229142
16 0.460996 0.201025 0.481582 0.201025 0.481582 0.228859 0.460996 0.228859
28 0.494023 0.200167 0.514619 0.200167 0.514619 0.228001 0.494023 0.228001
42 0.526670 0.200167 0.547266 0.200167 0.547266 0.228001 0.526670 0.228001
23 0.593506 0.199310 0.614102 0.199310 0.614102 0.227144 0.593506 0.227144
13 0.626162 0.198735 0.646748 0.198735 0.646748 0.226570 0.626162 0.226570
4 0.656885 0.198452 0.677480 0.198452 0.677480 0.226286 0.656885 0.226286
57 0.691846 0.196737 0.712432 0.196737 0.712432 0.224571 0.691846 0.224571
20 0.725264 0.196737 0.745850 0.196737 0.745850 0.224571 0.725264 0.224571
22 0.757529 0.196737 0.778115 0.196737 0.778115 0.224571 0.757529 0.224571
8 0.792100 0.194738 0.812686 0.194738 0.812686 0.222573 0.792100 0.222573
20 0.824365 0.195305 0.844951 0.195305 0.844951 0.223140 0.824365 0.223140
57 0.858545 0.193881 0.879141 0.193881 0.879141 0.221715 0.858545 0.221715
48 0.038652 0.243910 0.059248 0.243910 0.059248 0.271744 0.038652 0.271744
0 0.069766 0.243910 0.090361 0.243910 0.090361 0.271744 0.069766 0.271744
26 0.102803 0.242478 0.123389 0.242478 0.123389 0.270313 0.102803 0.270313
0 0.135068 0.243626 0.155654 0.243626 0.155654 0.271461 0.135068 0.271461
6 0.166182 0.243336 0.186768 0.243336 0.186768 0.271170 0.166182 0.271170
14 0.233779 0.243336 0.254375 0.243336 0.254375 0.271170 0.233779 0.271170
20 0.266436 0.242769 0.287021 0.242769 0.287021 0.270603 0.266436 0.270603
23 0.333652 0.242195 0.354238 0.242195 0.354238 0.270029 0.333652 0.270029
4 0.364385 0.242478 0.384971 0.242478 0.384971 0.270313 0.364385 0.270313
22 0.395107 0.242478 0.415703 0.242478 0.415703 0.270313 0.395107 0.270313
0 0.428525 0.240480 0.449121 0.240480 0.449121 0.268314 0.428525 0.268314
13 0.462324 0.241911 0.482920 0.241911 0.482920 0.269746 0.462324 0.269746
28 0.494980 0.241337 0.515566 0.241337 0.515566 0.269172 0.494980 0.269172
20 0.526475 0.240480 0.547070 0.240480 0.547070 0.268314 0.526475 0.268314
46 0.560273 0.240763 0.580869 0.240763 0.580869 0.268597 0.560273 0.268597
14 0.625576 0.239339 0.646172 0.239339 0.646172 0.267173 0.625576 0.267173
62 0.659766 0.239622 0.680352 0.239622 0.680352 0.267456 0.659766 0.267456
6 0.691260 0.239048 0.711855 0.239048 0.711855 0.266882 0.691260 0.266882
20 0.723906 0.238190 0.744502 0.238190 0.744502 0.266025 0.723906 0.266025
44 0.757324 0.237049 0.777920 0.237049 0.777920 0.264884 0.757324 0.264884
16 0.789590 0.237049 0.810186 0.237049 0.810186 0.264884 0.789590 0.264884
62 0.824160 0.237049 0.844756 0.237049 0.844756 0.264884 0.824160 0.264884
24 0.857197 0.235334 0.877783 0.235334 0.877783 0.263169 0.857197 0.263169
9 0.890234 0.234760 0.912354 0.234760 0.912354 0.262594 0.890234 0.262594
49 0.923262 0.235051 0.943857 0.235051 0.943857 0.262885 0.923262 0.262885
59 0.042002 0.286177 0.062598 0.286177 0.062598 0.314012 0.042002 0.314012
8 0.073887 0.285036 0.094482 0.285036 0.094482 0.312871 0.073887 0.312871
3 0.104619 0.286177 0.125205 0.286177 0.125205 0.314012 0.104619 0.314012
59 0.138418 0.283895 0.159014 0.283895 0.159014 0.311730 0.138418 0.311730
10 0.170684 0.284469 0.191270 0.284469 0.191270 0.312304 0.170684 0.312304
53 0.235986 0.284469 0.256572 0.284469 0.256572 0.312304 0.235986 0.312304
49 0.268633 0.283321 0.289219 0.283321 0.289219 0.311156 0.268633 0.311156
0 0.300127 0.282747 0.320723 0.282747 0.320723 0.310581 0.300127 0.310581
18 0.333936 0.284179 0.354521 0.284179 0.354521 0.312013 0.333936 0.312013
59 0.045449 0.324491 0.066045 0.324491 0.066045 0.352326 0.045449 0.352326
8 0.077715 0.325640 0.098311 0.325640 0.098311 0.353474 0.077715 0.353474
3 0.108447 0.324782 0.129033 0.324782 0.129033 0.352616 0.108447 0.352616
59 0.142246 0.324782 0.162842 0.324782 0.162842 0.352616 0.142246 0.352616
24 0.173740 0.325065 0.194336 0.325065 0.194336 0.352900 0.173740 0.352900
62 0.238271 0.324782 0.258867 0.324782 0.258867 0.352616 0.238271 0.352616
53 0.270537 0.325065 0.291133 0.325065 0.291133 0.352900 0.270537 0.352900
59 0.303574 0.323924 0.324160 0.323924 0.324160 0.351759 0.303574 0.351759
0 0.335068 0.323924 0.355664 0.323924 0.355664 0.351759 0.335068 0.351759
2 0.366572 0.325349 0.387158 0.325349 0.387158 0.353183 0.366572 0.353183
59 0.049395 0.365981 0.069990 0.365981 0.069990 0.393815 0.049395 0.393815
8 0.079746 0.365698 0.100332 0.365698 0.100332 0.393532 0.079746 0.393532
3 0.112002 0.365698 0.132598 0.365698 0.132598 0.393532 0.112002 0.393532
59 0.145039 0.364266 0.165635 0.364266 0.165635 0.392100 0.145039 0.392100
8 0.176533 0.364266 0.197129 0.364266 0.197129 0.392100 0.176533 0.392100
53 0.239912 0.365698 0.260508 0.365698 0.260508 0.393532 0.239912 0.393532
59 0.272178 0.364549 0.292773 0.364549 0.292773 0.392384 0.272178 0.392384
9 0.305215 0.365407 0.325811 0.365407 0.325811 0.393241 0.305215 0.393241
59 0.049287 0.404797 0.069873 0.404797 0.069873 0.432631 0.049287 0.432631
0 0.080781 0.404797 0.101377 0.404797 0.101377 0.432631 0.080781 0.432631
16 0.114199 0.403939 0.134795 0.403939 0.134795 0.431773 0.114199 0.431773
49 0.178350 0.405363 0.198936 0.405363 0.198936 0.433198 0.178350 0.433198
59 0.210225 0.404222 0.230820 0.404222 0.230820 0.432057 0.210225 0.432057
8 0.242490 0.404222 0.263086 0.404222 0.263086 0.432057 0.242490 0.432057
53 0.305488 0.405080 0.326074 0.405080 0.326074 0.432914 0.305488 0.432914
59 0.337754 0.403648 0.358340 0.403648 0.358340 0.431483 0.337754 0.431483
16 0.369629 0.403081 0.390225 0.403081 0.390225 0.430916 0.369629 0.430916
