48 0.460557 0.809237 0.481748 0.809237 0.481748 0.834622 0.460557 0.834622
9 0.433604 0.884600 0.454795 0.884600 0.454795 0.909978 0.433604 0.909978
4 0.405723 0.885589 0.426914 0.885589 0.426914 0.910967 0.405723 0.910967
46 0.377178 0.884600 0.398379 0.884600 0.398379 0.909978 0.377178 0.909978
0 0.346650 0.884600 0.367842 0.884600 0.367842 0.909978 0.346650 0.909978
52 0.316777 0.885094 0.337969 0.885094 0.337969 0.910472 0.316777 0.910472
29 0.257705 0.884600 0.278896 0.884600 0.278896 0.909978 0.257705 0.909978
36 0.227842 0.884600 0.249033 0.884600 0.249033 0.909978 0.227842 0.909978
30 0.200625 0.884600 0.221816 0.884600 0.221816 0.909978 0.200625 0.909978
0 0.169434 0.884600 0.190625 0.884600 0.190625 0.909978 0.169434 0.909978
6 0.142881 0.884106 0.164072 0.884106 0.164072 0.909484 0.142881 0.909484
14 0.114336 0.883612 0.135527 0.883612 0.135527 0.908990 0.114336 0.908990
51 0.856592 0.809651 0.877783 0.809651 0.877783 0.835029 0.856592 0.835029
21 0.825059 0.809237 0.846250 0.809237 0.846250 0.834622 0.825059 0.834622
20 0.794082 0.809237 0.815273 0.809237 0.815273 0.834622 0.794082 0.834622
28 0.762002 0.808823 0.783193 0.808823 0.783193 0.834208 0.762002 0.834208
24 0.731035 0.808001 0.752227 0.808001 0.752227 0.833387 0.731035 0.833387
9 0.701162 0.808823 0.722354 0.808823 0.722354 0.834208 0.701162 0.834208
57 0.671299 0.808416 0.692490 0.808416 0.692490 0.833801 0.671299 0.833801
16 0.611553 0.808823 0.632754 0.808823 0.632754 0.834208 0.611553 0.834208
28 0.581689 0.808823 0.602881 0.808823 0.602881 0.834208 0.581689 0.834208
6 0.155088 0.223895 0.176289 0.223895 0.176289 0.249281 0.155088 0.249281
28 0.184131 0.223212 0.205322 0.223212 0.205322 0.248597 0.184131 0.248597
8 0.212246 0.222522 0.233437 0.222522 0.233437 0.247907 0.212246 0.247907
16 0.242207 0.221839 0.263398 0.221839 0.263398 0.247224 0.242207 0.247224
57 0.299824 0.221156 0.321016 0.221156 0.321016 0.246533 0.299824 0.246533
28 0.356982 0.219092 0.378174 0.219092 0.378174 0.244477 0.356982 0.244477
16 0.384639 0.218408 0.405830 0.218408 0.405830 0.243794 0.384639 0.243794
2 0.412754 0.218067 0.433945 0.218067 0.433945 0.243452 0.412754 0.243452
16 0.442256 0.217725 0.463447 0.217725 0.463447 0.243103 0.442256 0.243103
14 0.500791 0.214978 0.521982 0.214978 0.521982 0.240363 0.500791 0.240363
6 0.671387 0.136635 0.692578 0.136635 0.692578 0.162020 0.671387 0.162020
13 0.099785 0.224586 0.120977 0.224586 0.120977 0.249964 0.099785 0.249964
20 0.127432 0.223895 0.148623 0.223895 0.148623 0.249281 0.127432 0.249281
59 0.096484 0.048808 0.120508 0.048808 0.120508 0.075836 0.096484 0.075836
18 0.124854 0.048692 0.147510 0.048692 0.147510 0.076017 0.124854 0.076017
52 0.097949 0.083147 0.119141 0.083147 0.119141 0.108532 0.097949 0.108532
0 0.125137 0.083488 0.146328 0.083488 0.146328 0.108874 0.125137 0.108874
4 0.151865 0.082456 0.173057 0.082456 0.173057 0.107842 0.151865 0.107842
22 0.181367 0.082456 0.202559 0.082456 0.202559 0.107842 0.181367 0.107842
9 0.209102 0.081432 0.230293 0.081432 0.230293 0.106810 0.209102 0.106810
30 0.238057 0.080400 0.259248 0.080400 0.259248 0.105785 0.238057 0.105785
0 0.266182 0.079717 0.287373 0.079717 0.287373 0.105102 0.266182 0.105102
6 0.293369 0.078001 0.314561 0.078001 0.314561 0.103379 0.293369 0.103379
9 0.324717 0.077311 0.345908 0.077311 0.345908 0.102696 0.324717 0.102696
25 0.380488 0.073881 0.401680 0.073881 0.401680 0.099266 0.380488 0.099266
36 0.409072 0.073881 0.430264 0.073881 0.430264 0.099266 0.409072 0.099266
22 0.437646 0.073198 0.458838 0.073198 0.458838 0.098583 0.437646 0.098583
0 0.465303 0.071824 0.486494 0.071824 0.486494 0.097209 0.465303 0.097209
57 0.496641 0.071141 0.517832 0.071141 0.517832 0.096526 0.496641 0.096526
6 0.525225 0.069767 0.546416 0.069767 0.546416 0.095153 0.525225 0.095153
42 0.555645 0.069084 0.576836 0.069084 0.576836 0.094462 0.555645 0.094462
12 0.584219 0.068052 0.605410 0.068052 0.605410 0.093437 0.584219 0.093437
17 0.613262 0.068052 0.634453 0.068052 0.634453 0.093437 0.613262 0.093437
37 0.099365 0.152754 0.120557 0.152754 0.120557 0.178140 0.099365 0.178140
26 0.127021 0.153103 0.148213 0.153103 0.148213 0.178481 0.127021 0.178481
20 0.152832 0.152754 0.174023 0.152754 0.174023 0.178140 0.152832 0.178140
22 0.181406 0.152071 0.202598 0.152071 0.202598 0.177456 0.181406 0.177456
16 0.209063 0.150698 0.230254 0.150698 0.230254 0.176083 0.209063 0.176083
21 0.239023 0.151381 0.260215 0.151381 0.260215 0.176766 0.239023 0.176766
26 0.297100 0.148641 0.318291 0.148641 0.318291 0.174026 0.297100 0.174026
20 0.325225 0.148299 0.346416 0.148299 0.346416 0.173685 0.325225 0.173685
22 0.354717 0.147951 0.375908 0.147951 0.375908 0.173336 0.354717 0.173336
16 0.381914 0.147267 0.403105 0.147267 0.403105 0.172653 0.381914 0.172653
21 0.411416 0.146584 0.432607 0.146584 0.432607 0.171969 0.411416 0.171969
4 0.470410 0.144179 0.491602 0.144179 0.491602 0.169564 0.470410 0.169564
22 0.498066 0.143154 0.519268 0.143154 0.519268 0.168539 0.498066 0.168539
0 0.519736 0.808823 0.540928 0.808823 0.540928 0.834208 0.519736 0.834208
20 0.528496 0.141781 0.549687 0.141781 0.549687 0.167166 0.528496 0.167166
4 0.556611 0.140407 0.577803 0.140407 0.577803 0.165792 0.556611 0.165792
20 0.586113 0.140065 0.607305 0.140065 0.607305 0.165451 0.586113 0.165451
24 0.616533 0.138009 0.637725 0.138009 0.637725 0.163394 0.616533 0.163394
9 0.643262 0.137318 0.664453 0.137318 0.664453 0.162703 0.643262 0.162703
22 0.530293 0.214295 0.551484 0.214295 0.551484 0.239673 0.530293 0.239673
20 0.560713 0.213605 0.581904 0.213605 0.581904 0.238990 0.560713 0.238990
26 0.589297 0.212238 0.610488 0.212238 0.610488 0.237616 0.589297 0.237616
6 0.618789 0.211206 0.639980 0.211206 0.639980 0.236592 0.618789 0.236592
20 0.645986 0.210865 0.667178 0.210865 0.667178 0.236243 0.645986 0.236243
29 0.675947 0.209150 0.697139 0.209150 0.697139 0.234528 0.675947 0.234528
9 0.705908 0.208459 0.727100 0.208459 0.727100 0.233844 0.705908 0.233844
6 0.734951 0.207435 0.756143 0.207435 0.756143 0.232813 0.734951 0.232813
21 0.765830 0.208118 0.787021 0.208118 0.787021 0.233503 0.765830 0.233503
51 0.798096 0.207435 0.819287 0.207435 0.819287 0.232813 0.798096 0.232813
28 0.102090 0.295589 0.123281 0.295589 0.123281 0.320974 0.102090 0.320974
0 0.128818 0.295930 0.150010 0.295930 0.150010 0.321315 0.128818 0.321315
13 0.157402 0.295247 0.178594 0.295247 0.178594 0.320632 0.157402 0.320632
29 0.185049 0.294557 0.206240 0.294557 0.206240 0.319942 0.185049 0.319942
36 0.213633 0.293874 0.234824 0.293874 0.234824 0.319259 0.213633 0.319259
14 0.242207 0.293874 0.263398 0.293874 0.263398 0.319259 0.242207 0.319259
9 0.271250 0.293532 0.292441 0.293532 0.292441 0.318917 0.271250 0.318917
6 0.299824 0.293190 0.321016 0.293190 0.321016 0.318568 0.299824 0.318568
0 0.328867 0.292842 0.350059 0.292842 0.350059 0.318227 0.328867 0.318227
29 0.387402 0.291817 0.408594 0.291817 0.408594 0.317202 0.387402 0.317202
16 0.415518 0.290785 0.436709 0.290785 0.436709 0.316170 0.415518 0.316170
12 0.444561 0.290102 0.465752 0.290102 0.465752 0.315487 0.444561 0.315487
28 0.474062 0.288728 0.495254 0.288728 0.495254 0.314113 0.474062 0.314113
20 0.503555 0.288387 0.524746 0.288387 0.524746 0.313772 0.503555 0.313772
29 0.533057 0.288045 0.554248 0.288045 0.554248 0.313423 0.533057 0.313423
0 0.562100 0.287013 0.583291 0.287013 0.583291 0.312398 0.562100 0.312398
49 0.592979 0.287013 0.614170 0.287013 0.614170 0.312398 0.592979 0.312398
28 0.102549 0.368997 0.123740 0.368997 0.123740 0.394382 0.102549 0.394382
16 0.131582 0.368997 0.152773 0.368997 0.152773 0.394382 0.131582 0.394382
18 0.186895 0.368307 0.208086 0.368307 0.208086 0.393692 0.186895 0.393692
20 0.216396 0.367624 0.237588 0.367624 0.237588 0.393009 0.216396 0.393009
24 0.244971 0.366940 0.266162 0.366940 0.266162 0.392318 0.244971 0.392318
9 0.274473 0.366250 0.295664 0.366250 0.295664 0.391635 0.274473 0.391635
52 0.332090 0.365218 0.353281 0.365218 0.353281 0.390603 0.332090 0.390603
0 0.360674 0.364876 0.381865 0.364876 0.381865 0.390262 0.360674 0.390262
57 0.418281 0.363510 0.439473 0.363510 0.439473 0.388888 0.418281 0.388888
20 0.446865 0.363161 0.468057 0.363161 0.468057 0.388547 0.446865 0.388547
22 0.476367 0.361795 0.497559 0.361795 0.497559 0.387173 0.476367 0.387173
20 0.505400 0.361446 0.526592 0.361446 0.526592 0.386831 0.505400 0.386831
29 0.535361 0.360422 0.556553 0.360422 0.556553 0.385807 0.535361 0.385807
0 0.563477 0.359731 0.584668 0.359731 0.584668 0.385116 0.563477 0.385116
17 0.594365 0.359048 0.615557 0.359048 0.615557 0.384433 0.594365 0.384433
4 0.102988 0.441744 0.124180 0.441744 0.124180 0.467129 0.102988 0.467129
29 0.133418 0.441061 0.154609 0.441061 0.154609 0.466446 0.133418 0.466446
20 0.160146 0.441744 0.181338 0.441744 0.181338 0.467129 0.160146 0.467129
28 0.218691 0.440029 0.239883 0.440029 0.239883 0.465414 0.218691 0.465414
0 0.246348 0.440029 0.267539 0.440029 0.267539 0.465414 0.246348 0.465414
36 0.305801 0.438314 0.326992 0.438314 0.326992 0.463699 0.305801 0.463699
6 0.332998 0.437631 0.354189 0.437631 0.354189 0.463016 0.332998 0.463016
9 0.363418 0.437631 0.384609 0.437631 0.384609 0.463016 0.363418 0.463016
8 0.392002 0.437289 0.413193 0.437289 0.413193 0.462674 0.392002 0.462674
36 0.420117 0.436599 0.441309 0.436599 0.441309 0.461984 0.420117 0.461984
14 0.478652 0.435574 0.499844 0.435574 0.499844 0.460959 0.478652 0.460959
20 0.508154 0.434201 0.529346 0.434201 0.529346 0.459586 0.508154 0.459586
14 0.537656 0.433859 0.558848 0.433859 0.558848 0.459244 0.537656 0.459244
0 0.565312 0.433517 0.586504 0.433517 0.586504 0.458895 0.565312 0.458895
6 0.595732 0.432144 0.616924 0.432144 0.616924 0.457529 0.595732 0.457529
35 0.626611 0.431897 0.647803 0.431897 0.647803 0.457275 0.626611 0.457275
52 0.104727 0.513939 0.125918 0.513939 0.125918 0.539324 0.104727 0.539324
0 0.133301 0.513939 0.154492 0.513939 0.154492 0.539324 0.133301 0.539324
2 0.160957 0.513256 0.182148 0.513256 0.182148 0.538634 0.160957 0.538634
6 0.190000 0.513597 0.211191 0.513597 0.211191 0.538983 0.190000 0.538983
36 0.219961 0.513256 0.241152 0.513256 0.241152 0.538634 0.219961 0.538634
24 0.249004 0.512907 0.270195 0.512907 0.270195 0.538292 0.249004 0.538292
28 0.278955 0.511882 0.300146 0.511882 0.300146 0.537267 0.278955 0.537267
6 0.306611 0.511882 0.327803 0.511882 0.327803 0.537267 0.306611 0.537267
13 0.337041 0.510850 0.358232 0.510850 0.358232 0.536235 0.337041 0.536235
42 0.365615 0.510167 0.386807 0.510167 0.386807 0.535552 0.365615 0.535552
9 0.422773 0.508794 0.443965 0.508794 0.443965 0.534179 0.422773 0.534179
14 0.479463 0.507762 0.500654 0.507762 0.500654 0.533147 0.479463 0.533147
22 0.510400 0.507718 0.531592 0.507718 0.531592 0.533103 0.510400 0.533103
20 0.539600 0.507144 0.560791 0.507144 0.560791 0.532529 0.539600 0.532529
14 0.569941 0.506577 0.591133 0.506577 0.591133 0.531962 0.569941 0.531962
0 0.597979 0.506294 0.619170 0.506294 0.619170 0.531672 0.597979 0.531672
6 0.628330 0.505719 0.649521 0.505719 0.649521 0.531105 0.628330 0.531105
49 0.657139 0.506003 0.678330 0.506003 0.678330 0.531388 0.657139 0.531388
14 0.107305 0.587078 0.128496 0.587078 0.128496 0.612464 0.107305 0.612464
6 0.136113 0.586795 0.157305 0.586795 0.157305 0.612173 0.136113 0.612173
0 0.162227 0.586504 0.183418 0.586504 0.183418 0.611890 0.162227 0.611890
30 0.192188 0.586504 0.213379 0.586504 0.213379 0.611890 0.192188 0.611890
16 0.222148 0.586221 0.243340 0.586221 0.243340 0.611606 0.222148 0.611606
29 0.251348 0.585363 0.272539 0.585363 0.272539 0.610749 0.251348 0.610749
13 0.309727 0.584789 0.330918 0.584789 0.330918 0.610174 0.309727 0.610174
16 0.338916 0.584222 0.360107 0.584222 0.360107 0.609600 0.338916 0.609600
22 0.367725 0.583648 0.388916 0.583648 0.388916 0.609033 0.367725 0.609033
45 0.396533 0.582791 0.417725 0.582791 0.417725 0.608176 0.396533 0.608176
46 0.424961 0.582217 0.446152 0.582217 0.446152 0.607602 0.424961 0.607602
57 0.482959 0.581359 0.504150 0.581359 0.504150 0.606744 0.482959 0.606744
20 0.512539 0.581076 0.533730 0.581076 0.533730 0.606461 0.512539 0.606461
22 0.542500 0.581359 0.563691 0.581359 0.563691 0.606744 0.542500 0.606744
20 0.571309 0.580501 0.592500 0.580501 0.592500 0.605887 0.571309 0.605887
2 0.600117 0.579935 0.621309 0.579935 0.621309 0.605320 0.600117 0.605320
16 0.631611 0.579644 0.652803 0.579644 0.652803 0.605029 0.631611 0.605029
46 0.658887 0.579077 0.680078 0.579077 0.680078 0.604455 0.658887 0.604455
17 0.689619 0.579360 0.710811 0.579360 0.710811 0.604746 0.689619 0.604746
37 0.108838 0.661403 0.130029 0.661403 0.130029 0.686781 0.108838 0.686781
57 0.137646 0.661112 0.158838 0.661112 0.158838 0.686497 0.137646 0.686497
45 0.164531 0.660828 0.185723 0.660828 0.185723 0.686214 0.164531 0.686214
46 0.193730 0.659971 0.214922 0.659971 0.214922 0.685356 0.193730 0.685356
24 0.222920 0.658830 0.244111 0.658830 0.244111 0.684208 0.222920 0.684208
4 0.490420 0.808416 0.511611 0.808416 0.511611 0.833801 0.490420 0.833801
9 0.251729 0.659113 0.272920 0.659113 0.272920 0.684499 0.251729 0.684499
1 0.278994 0.659687 0.300195 0.659687 0.300195 0.685065 0.278994 0.685065
13 0.311650 0.658256 0.332842 0.658256 0.332842 0.683641 0.311650 0.683641
20 0.339307 0.658256 0.360498 0.658256 0.360498 0.683641 0.339307 0.683641
6 0.369268 0.657972 0.390459 0.657972 0.390459 0.683350 0.369268 0.683350
28 0.397686 0.657398 0.418877 0.657398 0.418877 0.682783 0.397686 0.682783
45 0.426885 0.657115 0.448076 0.657115 0.448076 0.682493 0.426885 0.682493
48 0.455693 0.656824 0.476885 0.656824 0.476885 0.682209 0.455693 0.682209
4 0.484883 0.656824 0.506074 0.656824 0.506074 0.682209 0.484883 0.682209
20 0.514844 0.656541 0.536035 0.656541 0.536035 0.681926 0.514844 0.681926
1 0.544805 0.656824 0.565996 0.656824 0.565996 0.682209 0.544805 0.682209
13 0.575537 0.655400 0.596729 0.655400 0.596729 0.680778 0.575537 0.680778
4 0.604346 0.655400 0.625537 0.655400 0.625537 0.680778 0.604346 0.680778
20 0.635840 0.655109 0.657031 0.655109 0.657031 0.680494 0.635840 0.680494
22 0.663115 0.654826 0.684307 0.654826 0.684307 0.680211 0.663115 0.680211
16 0.693457 0.654826 0.714648 0.654826 0.714648 0.680211 0.693457 0.680211
46 0.723418 0.654826 0.744609 0.654826 0.744609 0.680211 0.723418 0.680211
21 0.754912 0.655683 0.776104 0.655683 0.776104 0.681068 0.754912 0.681068
28 0.110371 0.735719 0.131562 0.735719 0.131562 0.761105 0.110371 0.761105
0 0.139180 0.735153 0.160371 0.735153 0.160371 0.760531 0.139180 0.760531
12 0.166455 0.735719 0.187646 0.735719 0.187646 0.761105 0.166455 0.761105
2 0.225225 0.733721 0.246416 0.733721 0.246416 0.759106 0.225225 0.759106
16 0.254033 0.733721 0.275225 0.733721 0.275225 0.759106 0.254033 0.759106
52 0.282842 0.734295 0.304033 0.734295 0.304033 0.759673 0.282842 0.759673
13 0.341992 0.733721 0.363184 0.733721 0.363184 0.759106 0.341992 0.759106
20 0.371182 0.734004 0.392373 0.734004 0.392373 0.759390 0.371182 0.759390
6 0.399990 0.733438 0.421182 0.733438 0.421182 0.758815 0.399990 0.758815
28 0.429189 0.732863 0.450381 0.732863 0.450381 0.758249 0.429189 0.758249
45 0.458223 0.732413 0.479414 0.732413 0.479414 0.757798 0.458223 0.757798
48 0.488643 0.732413 0.509834 0.732413 0.509834 0.757798 0.488643 0.757798
4 0.517686 0.732413 0.538877 0.732413 0.538877 0.757798 0.517686 0.757798
0 0.547188 0.731047 0.568379 0.731047 0.568379 0.756424 0.547188 0.756424
20 0.608027 0.732413 0.629219 0.732413 0.629219 0.757798 0.608027 0.757798
2 0.638447 0.731388 0.659639 0.731388 0.659639 0.756766 0.638447 0.756766
9 0.667031 0.731388 0.688223 0.731388 0.688223 0.756766 0.667031 0.756766
24 0.697451 0.731730 0.718643 0.731730 0.718643 0.757115 0.697451 0.757115
28 0.728330 0.732071 0.749521 0.732071 0.749521 0.757456 0.728330 0.757456
20 0.759678 0.732071 0.780869 0.732071 0.780869 0.757456 0.759678 0.757456
35 0.790557 0.733445 0.811748 0.733445 0.811748 0.758830 0.790557 0.758830
57 0.112646 0.810472 0.133838 0.810472 0.133838 0.835858 0.112646 0.835858
14 0.167959 0.810472 0.189150 0.810472 0.189150 0.835858 0.167959 0.835858
20 0.196719 0.810472 0.217910 0.810472 0.217910 0.835858 0.196719 0.835858
6 0.225479 0.809651 0.246670 0.809651 0.246670 0.835029 0.225479 0.835029
16 0.255352 0.810058 0.276543 0.810058 0.276543 0.835443 0.255352 0.835443
52 0.313975 0.809237 0.335166 0.809237 0.335166 0.834622 0.313975 0.834622
32 0.344404 0.808823 0.365596 0.808823 0.365596 0.834208 0.344404 0.834208
22 0.373164 0.809237 0.394355 0.809237 0.394355 0.834622 0.373164 0.834622
28 0.403027 0.808823 0.424219 0.808823 0.424219 0.834208 0.403027 0.834208
45 0.431797 0.809651 0.452988 0.809651 0.452988 0.835029 0.431797 0.835029
