8 0.263908 0.714052 0.287957 0.714052 0.287957 0.763318 0.263908 0.763318
16 0.300409 0.710592 0.324440 0.710592 0.324440 0.759858 0.300409 0.759858
28 0.331314 0.703152 0.355364 0.703152 0.355364 0.752417 0.331314 0.752417
29 0.362664 0.697417 0.386714 0.697417 0.386714 0.746682 0.362664 0.746682
22 0.393144 0.692844 0.417194 0.692844 0.417194 0.742109 0.393144 0.742109
0 0.422345 0.688246 0.446394 0.688246 0.446394 0.737512 0.422345 0.737512
6 0.449396 0.683673 0.473428 0.683673 0.473428 0.732938 0.449396 0.732938
13 0.500888 0.673365 0.521137 0.673365 0.521137 0.722630 0.500888 0.722630
29 0.524529 0.671066 0.546004 0.671066 0.546004 0.720332 0.524529 0.720332
20 0.548579 0.668791 0.566963 0.668791 0.566963 0.718033 0.548579 0.718033
22 0.570906 0.665332 0.589343 0.665332 0.589343 0.714597 0.570906 0.714597
16 0.591936 0.660758 0.608703 0.660758 0.608703 0.710024 0.591936 0.710024
