1 0.325566 0.249070 0.345430 0.249070 0.345430 0.274244 0.325566 0.274244
9 0.131963 0.321221 0.151816 0.321221 0.151816 0.346395 0.131963 0.346395
28 0.187275 0.320807 0.207129 0.320807 0.207129 0.345981 0.187275 0.345981
59 0.132295 0.073641 0.152148 0.073641 0.152148 0.100065 0.132295 0.100065
0 0.158623 0.074150 0.178486 0.074150 0.178486 0.100574 0.158623 0.100574
10 0.185361 0.073467 0.205215 0.073467 0.205215 0.099891 0.185361 0.099891
12 0.131797 0.108328 0.151660 0.108328 0.151660 0.133503 0.131797 0.133503
16 0.159453 0.108125 0.179307 0.108125 0.179307 0.133299 0.159453 0.133299
24 0.185635 0.108052 0.205488 0.108052 0.205488 0.133234 0.185635 0.133234
57 0.214209 0.107369 0.234072 0.107369 0.234072 0.132544 0.214209 0.132544
16 0.240488 0.106686 0.260342 0.106686 0.260342 0.131860 0.240488 0.131860
24 0.269062 0.106337 0.288916 0.106337 0.288916 0.131519 0.269062 0.131519
61 0.298564 0.106337 0.318418 0.106337 0.318418 0.131519 0.298564 0.131519
1 0.325303 0.105654 0.345156 0.105654 0.345156 0.130828 0.325303 0.130828
20 0.131709 0.178372 0.151562 0.178372 0.151562 0.203554 0.131709 0.203554
0 0.157979 0.177689 0.177832 0.177689 0.177832 0.202863 0.157979 0.202863
22 0.184717 0.178372 0.204570 0.178372 0.204570 0.203554 0.184717 0.203554
16 0.213291 0.178372 0.233145 0.178372 0.233145 0.203554 0.213291 0.203554
57 0.242334 0.177347 0.262188 0.177347 0.262188 0.202522 0.242334 0.202522
16 0.270449 0.176657 0.290303 0.176657 0.290303 0.201839 0.270449 0.201839
6 0.296260 0.176315 0.316113 0.176315 0.316113 0.201497 0.296260 0.201497
12 0.131426 0.249891 0.151279 0.249891 0.151279 0.275065 0.131426 0.275065
16 0.159629 0.250305 0.179492 0.250305 0.179492 0.272602 0.159629 0.272602
24 0.185635 0.248656 0.205488 0.248656 0.205488 0.268895 0.185635 0.268895
57 0.213838 0.248241 0.233691 0.248241 0.233691 0.273423 0.213838 0.273423
16 0.241494 0.249477 0.261348 0.249477 0.261348 0.269331 0.241494 0.269331
24 0.269707 0.248241 0.289561 0.248241 0.289561 0.268895 0.269707 0.268895
61 0.299023 0.249070 0.318877 0.249070 0.318877 0.274244 0.299023 0.274244
0 0.213818 0.319985 0.233682 0.319985 0.233682 0.345160 0.213818 0.345160
20 0.271348 0.319985 0.291201 0.319985 0.291201 0.345160 0.271348 0.345160
6 0.299004 0.320807 0.318857 0.320807 0.318857 0.345981 0.299004 0.345981
20 0.327764 0.320392 0.347617 0.320392 0.347617 0.345574 0.327764 0.345574
26 0.356523 0.319157 0.376387 0.319157 0.376387 0.344339 0.356523 0.344339
20 0.385293 0.318750 0.405146 0.318750 0.405146 0.343924 0.385293 0.343924
57 0.441152 0.319157 0.461016 0.319157 0.461016 0.344339 0.441152 0.344339
22 0.467705 0.319157 0.487559 0.319157 0.487559 0.344339 0.467705 0.344339
0 0.495361 0.317515 0.515215 0.317515 0.515215 0.342689 0.495361 0.342689
26 0.525781 0.316686 0.545635 0.316686 0.545635 0.341868 0.525781 0.341868
0 0.554541 0.316279 0.574404 0.316279 0.574404 0.341453 0.554541 0.341453
28 0.132842 0.390908 0.152695 0.390908 0.152695 0.416083 0.132842 0.416083
0 0.160498 0.390567 0.180352 0.390567 0.180352 0.415741 0.160498 0.415741
6 0.186309 0.391250 0.206172 0.391250 0.206172 0.416432 0.186309 0.416432
16 0.214893 0.390908 0.234746 0.390908 0.234746 0.416083 0.214893 0.416083
29 0.243926 0.390908 0.263789 0.390908 0.263789 0.416083 0.243926 0.416083
16 0.270664 0.390908 0.290518 0.390908 0.290518 0.416083 0.270664 0.416083
6 0.300166 0.391592 0.320020 0.391592 0.320020 0.416773 0.300166 0.416773
12 0.132891 0.462398 0.152754 0.462398 0.152754 0.487573 0.132891 0.487573
16 0.162207 0.462805 0.182061 0.462805 0.182061 0.487987 0.162207 0.487987
24 0.187656 0.461984 0.207510 0.461984 0.207510 0.487158 0.187656 0.487158
57 0.216416 0.462398 0.236270 0.462398 0.236270 0.487573 0.216416 0.487573
16 0.243516 0.461984 0.263369 0.461984 0.263369 0.487158 0.243516 0.487158
24 0.272832 0.460334 0.292686 0.460334 0.292686 0.485516 0.272832 0.485516
61 0.301592 0.462398 0.321455 0.462398 0.321455 0.487573 0.301592 0.487573
49 0.328701 0.463634 0.350225 0.463634 0.350225 0.488808 0.328701 0.488808
36 0.132344 0.532369 0.152197 0.532369 0.152197 0.557551 0.132344 0.557551
25 0.161660 0.532783 0.181514 0.532783 0.181514 0.557958 0.161660 0.557958
20 0.215859 0.532369 0.235723 0.532369 0.235723 0.557551 0.215859 0.557551
28 0.244629 0.532783 0.264482 0.532783 0.264482 0.557958 0.244629 0.557958
12 0.301592 0.532369 0.321455 0.532369 0.321455 0.557551 0.301592 0.557551
42 0.329805 0.531962 0.349658 0.531962 0.349658 0.557137 0.329805 0.557137
6 0.356904 0.533198 0.376768 0.533198 0.376768 0.558372 0.356904 0.558372
16 0.412773 0.532783 0.432627 0.532783 0.432627 0.557958 0.412773 0.557958
26 0.440986 0.531962 0.460840 0.531962 0.460840 0.557137 0.440986 0.557137
20 0.469746 0.532783 0.489600 0.532783 0.489600 0.557958 0.469746 0.557958
9 0.133330 0.602340 0.153184 0.602340 0.153184 0.627515 0.133330 0.627515
6 0.186426 0.603576 0.206279 0.603576 0.206279 0.628750 0.186426 0.628750
20 0.215742 0.603990 0.235596 0.603990 0.235596 0.629164 0.215742 0.629164
12 0.245059 0.603161 0.264912 0.603161 0.264912 0.628343 0.245059 0.628343
0 0.272715 0.603161 0.292568 0.603161 0.292568 0.628343 0.272715 0.628343
6 0.299258 0.603990 0.319121 0.603990 0.319121 0.629164 0.299258 0.629164
16 0.357344 0.602340 0.377197 0.602340 0.377197 0.627515 0.357344 0.627515
26 0.387207 0.602754 0.407061 0.602754 0.407061 0.627929 0.387207 0.627929
20 0.414863 0.603990 0.434717 0.603990 0.434717 0.629164 0.414863 0.629164
17 0.442520 0.603576 0.462373 0.603576 0.462373 0.628750 0.442520 0.628750
37 0.134004 0.674549 0.153857 0.674549 0.153857 0.699731 0.134004 0.699731
14 0.162207 0.674964 0.182061 0.674964 0.182061 0.700138 0.162207 0.700138
20 0.187656 0.675785 0.207510 0.675785 0.207510 0.700959 0.187656 0.700959
24 0.216416 0.674964 0.236270 0.674964 0.236270 0.700138 0.216416 0.700138
0 0.242412 0.674549 0.262266 0.674549 0.262266 0.699731 0.242412 0.699731
57 0.273389 0.674964 0.293242 0.674964 0.293242 0.700138 0.273389 0.700138
0 0.300488 0.674549 0.320342 0.674549 0.320342 0.699731 0.300488 0.699731
46 0.329805 0.675785 0.349658 0.675785 0.349658 0.700959 0.329805 0.700959
13 0.386777 0.675371 0.406631 0.675371 0.406631 0.700552 0.386777 0.700552
50 0.414434 0.676199 0.434287 0.676199 0.434287 0.701374 0.414434 0.701374
24 0.443193 0.675785 0.463047 0.675785 0.463047 0.700959 0.443193 0.700959
0 0.469746 0.674964 0.489600 0.674964 0.489600 0.700138 0.469746 0.700138
28 0.133613 0.746054 0.153467 0.746054 0.153467 0.771228 0.133613 0.771228
0 0.161816 0.745640 0.181670 0.745640 0.181670 0.770821 0.161816 0.770821
48 0.187812 0.746468 0.207666 0.746468 0.207666 0.771642 0.187812 0.771642
16 0.216025 0.746468 0.235879 0.746468 0.235879 0.771642 0.216025 0.771642
13 0.272949 0.746439 0.293955 0.746439 0.293955 0.773292 0.272949 0.773292
20 0.301738 0.745632 0.322744 0.745632 0.322744 0.772478 0.301738 0.772478
6 0.327734 0.746860 0.348740 0.746860 0.348740 0.773714 0.327734 0.773714
28 0.358154 0.746860 0.379160 0.746860 0.379160 0.773714 0.358154 0.773714
45 0.386914 0.748096 0.407920 0.748096 0.407920 0.774949 0.386914 0.774949
48 0.412910 0.747689 0.433916 0.747689 0.433916 0.774535 0.412910 0.774535
4 0.441123 0.747689 0.462129 0.747689 0.462129 0.774535 0.441123 0.774535
20 0.470439 0.746860 0.491445 0.746860 0.491445 0.773714 0.470439 0.773714
21 0.499199 0.748924 0.520205 0.748924 0.520205 0.775770 0.499199 0.775770
51 0.529619 0.748924 0.550625 0.748924 0.550625 0.775770 0.529619 0.775770
9 0.134199 0.816083 0.155205 0.816083 0.155205 0.842929 0.134199 0.842929
13 0.161855 0.816904 0.182861 0.816904 0.182861 0.843757 0.161855 0.843757
14 0.187852 0.818140 0.208857 0.818140 0.208857 0.844985 0.187852 0.844985
36 0.217168 0.816904 0.238174 0.816904 0.238174 0.843757 0.217168 0.843757
26 0.245928 0.817725 0.266934 0.817725 0.266934 0.844578 0.245928 0.844578
0 0.272480 0.817318 0.293486 0.817318 0.293486 0.844164 0.272480 0.844164
6 0.301797 0.818547 0.322803 0.818547 0.322803 0.845400 0.301797 0.845400
13 0.330557 0.818547 0.351562 0.818547 0.351562 0.845400 0.330557 0.845400
42 0.358760 0.818140 0.379775 0.818140 0.379775 0.844985 0.358760 0.844985
4 0.414072 0.819375 0.435088 0.819375 0.435088 0.846221 0.414072 0.846221
22 0.442842 0.819782 0.463848 0.819782 0.463848 0.846635 0.442842 0.846635
20 0.471602 0.819782 0.492607 0.819782 0.492607 0.846635 0.471602 0.846635
4 0.499805 0.819782 0.520820 0.819782 0.520820 0.846635 0.499805 0.846635
20 0.528018 0.821432 0.549023 0.821432 0.549023 0.848285 0.528018 0.848285
24 0.558994 0.819782 0.580000 0.819782 0.580000 0.846635 0.558994 0.846635
9 0.586650 0.820610 0.607656 0.820610 0.607656 0.847456 0.586650 0.847456
6 0.614863 0.821432 0.635869 0.821432 0.635869 0.848285 0.614863 0.848285
1 0.643066 0.820610 0.664072 0.820610 0.664072 0.847456 0.643066 0.847456
52 0.135859 0.886882 0.156865 0.886882 0.156865 0.913728 0.135859 0.913728
0 0.162402 0.886882 0.183408 0.886882 0.183408 0.913728 0.162402 0.913728
57 0.191172 0.888118 0.212178 0.888118 0.212178 0.914964 0.191172 0.914964
20 0.217715 0.887289 0.238721 0.887289 0.238721 0.914142 0.217715 0.914142
14 0.245371 0.888939 0.266377 0.888939 0.266377 0.915785 0.245371 0.915785
9 0.273584 0.889346 0.294590 0.889346 0.294590 0.916199 0.273584 0.916199
6 0.301797 0.889760 0.322803 0.889760 0.322803 0.916613 0.301797 0.916613
1 0.330000 0.888939 0.351006 0.888939 0.351006 0.915785 0.330000 0.915785
52 0.358760 0.890174 0.379775 0.890174 0.379775 0.917020 0.358760 0.917020
0 0.386973 0.889346 0.407979 0.889346 0.407979 0.916199 0.386973 0.916199
26 0.415186 0.889346 0.436191 0.889346 0.436191 0.916199 0.415186 0.916199
20 0.442842 0.890996 0.463848 0.890996 0.463848 0.917849 0.442842 0.917849
6 0.469941 0.891817 0.490947 0.891817 0.490947 0.918670 0.469941 0.918670
20 0.499805 0.892231 0.520820 0.892231 0.520820 0.919084 0.499805 0.919084
13 0.529121 0.892645 0.550137 0.892645 0.550137 0.919491 0.529121 0.919491
9 0.557891 0.893052 0.578896 0.893052 0.578896 0.919906 0.557891 0.919906
6 0.586650 0.893467 0.607656 0.893467 0.607656 0.920312 0.586650 0.920312
1 0.614307 0.893881 0.635312 0.893881 0.635312 0.920727 0.614307 0.920727
