59 0.320898 0.058663 0.343066 0.058663 0.343066 0.082326 0.320898 0.082326
2 0.351650 0.058161 0.373818 0.058161 0.373818 0.081831 0.351650 0.081831
2 0.384375 0.057129 0.406543 0.057129 0.406543 0.080799 0.384375 0.080799
0 0.448447 0.055414 0.470615 0.055414 0.470615 0.079084 0.448447 0.079084
57 0.481631 0.054731 0.503799 0.054731 0.503799 0.078401 0.481631 0.078401
26 0.512979 0.054048 0.535146 0.054048 0.535146 0.077711 0.512979 0.077711
36 0.545244 0.054390 0.567412 0.054390 0.567412 0.078052 0.545244 0.078052
13 0.577969 0.053358 0.600137 0.053358 0.600137 0.077028 0.577969 0.077028
29 0.607471 0.053016 0.629639 0.053016 0.629639 0.076686 0.607471 0.076686
0 0.639268 0.051642 0.661436 0.051642 0.661436 0.075312 0.639268 0.075312
49 0.672461 0.052674 0.694629 0.052674 0.694629 0.076344 0.672461 0.076344
23 0.288799 0.130872 0.310967 0.130872 0.310967 0.154535 0.288799 0.154535
28 0.321396 0.130567 0.343564 0.130567 0.343564 0.154237 0.321396 0.154237
0 0.352891 0.128852 0.375059 0.128852 0.375059 0.152522 0.352891 0.152522
18 0.385928 0.128852 0.408096 0.128852 0.408096 0.152522 0.385928 0.152522
20 0.419346 0.128568 0.441514 0.128568 0.441514 0.152238 0.419346 0.152238
24 0.450840 0.126853 0.473008 0.126853 0.473008 0.150523 0.450840 0.150523
4 0.481953 0.127711 0.504121 0.127711 0.504121 0.151381 0.481953 0.151381
0 0.516523 0.126279 0.538691 0.126279 0.538691 0.149949 0.516523 0.149949
49 0.548018 0.126279 0.570186 0.126279 0.570186 0.149949 0.548018 0.149949
23 0.064170 0.175145 0.086338 0.175145 0.086338 0.198815 0.064170 0.198815
44 0.095850 0.174375 0.118018 0.174375 0.118018 0.198045 0.095850 0.198045
16 0.127646 0.173001 0.149814 0.173001 0.149814 0.196672 0.127646 0.196672
28 0.159453 0.172318 0.181621 0.172318 0.181621 0.195988 0.159453 0.195988
20 0.191719 0.171635 0.213887 0.171635 0.213887 0.196366 0.191719 0.196366
4 0.225371 0.170756 0.247539 0.170756 0.247539 0.195494 0.225371 0.195494
13 0.289902 0.169731 0.312070 0.169731 0.312070 0.194462 0.289902 0.194462
9 0.323545 0.167667 0.345713 0.167667 0.345713 0.192406 0.323545 0.192406
62 0.355811 0.168358 0.377979 0.168358 0.377979 0.193089 0.355811 0.193089
24 0.387617 0.167667 0.409785 0.167667 0.409785 0.192406 0.387617 0.192406
16 0.418496 0.165952 0.440664 0.165952 0.440664 0.190690 0.418496 0.190690
6 0.451221 0.166984 0.473389 0.166984 0.473389 0.191715 0.451221 0.191715
57 0.516221 0.165269 0.538389 0.165269 0.538389 0.190000 0.516221 0.190000
29 0.583057 0.162180 0.605225 0.162180 0.605225 0.186919 0.583057 0.186919
22 0.615322 0.161497 0.637490 0.161497 0.637490 0.186228 0.615322 0.186228
0 0.645742 0.159440 0.667910 0.159440 0.667910 0.184172 0.645742 0.184172
57 0.680312 0.159440 0.702480 0.159440 0.702480 0.184172 0.680312 0.184172
16 0.711650 0.157376 0.733818 0.157376 0.733818 0.182115 0.711650 0.182115
9 0.778486 0.156010 0.800654 0.156010 0.800654 0.180741 0.778486 0.180741
57 0.843477 0.153605 0.865645 0.153605 0.865645 0.178343 0.843477 0.178343
16 0.873437 0.154295 0.895605 0.154295 0.895605 0.179026 0.873437 0.179026
52 0.906631 0.153605 0.928799 0.153605 0.928799 0.178343 0.906631 0.178343
35 0.940742 0.154978 0.962910 0.154978 0.962910 0.179709 0.940742 0.179709
25 0.031719 0.212493 0.053887 0.212493 0.053887 0.237231 0.031719 0.237231
0 0.063984 0.212493 0.086152 0.212493 0.086152 0.237231 0.063984 0.237231
6 0.096250 0.211810 0.118418 0.211810 0.118418 0.236541 0.096250 0.236541
49 0.128975 0.212151 0.151143 0.212151 0.151143 0.236882 0.128975 0.236882
23 0.193975 0.208721 0.216143 0.208721 0.216143 0.233452 0.193975 0.233452
20 0.226699 0.209063 0.248867 0.209063 0.248867 0.233801 0.226699 0.233801
28 0.259883 0.208721 0.282051 0.208721 0.282051 0.233452 0.259883 0.233452
36 0.324414 0.207347 0.346582 0.207347 0.346582 0.232086 0.324414 0.232086
57 0.357607 0.206664 0.379775 0.206664 0.379775 0.231395 0.357607 0.231395
9 0.389873 0.205632 0.412041 0.205632 0.412041 0.230371 0.389873 0.230371
24 0.422598 0.204949 0.444766 0.204949 0.444766 0.229680 0.422598 0.229680
9 0.454863 0.204266 0.477031 0.204266 0.477031 0.228997 0.454863 0.228997
6 0.486660 0.205291 0.508828 0.205291 0.508828 0.230022 0.486660 0.230022
23 0.553496 0.202202 0.575664 0.202202 0.575664 0.226940 0.553496 0.226940
57 0.584844 0.202202 0.607012 0.202202 0.607012 0.226940 0.584844 0.226940
0 0.615723 0.200487 0.637891 0.200487 0.637891 0.225225 0.615723 0.225225
13 0.651221 0.199121 0.673389 0.199121 0.673389 0.223852 0.651221 0.223852
50 0.681182 0.198430 0.703350 0.198430 0.703350 0.223161 0.681182 0.223161
1 0.714365 0.198772 0.736533 0.198772 0.736533 0.223510 0.714365 0.223510
14 0.033984 0.251962 0.056152 0.251962 0.056152 0.278387 0.033984 0.278387
20 0.066250 0.252493 0.088418 0.252493 0.088418 0.278910 0.066250 0.278910
24 0.098975 0.250436 0.121143 0.250436 0.121143 0.276853 0.098975 0.276853
20 0.130781 0.250094 0.152949 0.250094 0.152949 0.276512 0.130781 0.276512
48 0.163506 0.249746 0.185674 0.249746 0.185674 0.276170 0.163506 0.276170
32 0.196230 0.249746 0.218398 0.249746 0.218398 0.276170 0.196230 0.276170
6 0.228496 0.247689 0.250664 0.247689 0.250664 0.274113 0.228496 0.274113
9 0.293486 0.247347 0.315654 0.247347 0.315654 0.273765 0.293486 0.273765
52 0.358486 0.245974 0.380654 0.245974 0.380654 0.272398 0.358486 0.272398
0 0.390283 0.245291 0.412451 0.245291 0.412451 0.271708 0.390283 0.271708
57 0.424854 0.244259 0.447021 0.244259 0.447021 0.270683 0.424854 0.270683
16 0.455742 0.243576 0.477910 0.243576 0.477910 0.269993 0.455742 0.269993
6 0.486162 0.243576 0.508330 0.243576 0.508330 0.269993 0.486162 0.269993
42 0.521650 0.241860 0.543818 0.241860 0.543818 0.268278 0.521650 0.268278
6 0.553916 0.240487 0.576084 0.240487 0.576084 0.266904 0.553916 0.266904
18 0.619365 0.238772 0.641533 0.238772 0.641533 0.265189 0.619365 0.265189
57 0.650713 0.238430 0.672881 0.238430 0.672881 0.264847 0.650713 0.264847
20 0.682979 0.236374 0.705146 0.236374 0.705146 0.262791 0.682979 0.262791
13 0.717090 0.235000 0.739258 0.235000 0.739258 0.261417 0.717090 0.261417
29 0.748896 0.234310 0.771064 0.234310 0.771064 0.260734 0.748896 0.260734
20 0.780693 0.233626 0.802861 0.233626 0.802861 0.260044 0.780693 0.260044
12 0.813887 0.233285 0.836055 0.233285 0.836055 0.259702 0.813887 0.259702
49 0.847070 0.233285 0.869238 0.233285 0.869238 0.259702 0.847070 0.259702
23 0.038027 0.290618 0.060195 0.290618 0.060195 0.317035 0.038027 0.317035
57 0.069609 0.290821 0.091777 0.290821 0.091777 0.317238 0.069609 0.317238
0 0.101875 0.289964 0.124043 0.289964 0.124043 0.316381 0.101875 0.316381
13 0.134531 0.290247 0.156699 0.290247 0.156699 0.316672 0.134531 0.316672
42 0.167178 0.289106 0.189346 0.289106 0.189346 0.315523 0.167178 0.315523
14 0.231709 0.287108 0.253877 0.287108 0.253877 0.313525 0.231709 0.313525
20 0.264746 0.287674 0.286914 0.287674 0.286914 0.314099 0.264746 0.314099
25 0.297012 0.287108 0.319180 0.287108 0.319180 0.313525 0.297012 0.313525
16 0.328887 0.286250 0.351055 0.286250 0.351055 0.312667 0.328887 0.312667
6 0.361152 0.285676 0.383320 0.285676 0.383320 0.312093 0.361152 0.312093
16 0.393809 0.284535 0.415977 0.284535 0.415977 0.310952 0.393809 0.310952
6 0.426074 0.283961 0.448242 0.283961 0.448242 0.310378 0.426074 0.310378
44 0.491367 0.282246 0.513535 0.282246 0.513535 0.308663 0.491367 0.308663
16 0.523633 0.281388 0.545801 0.281388 0.545801 0.307805 0.523633 0.307805
28 0.555898 0.281388 0.578066 0.281388 0.578066 0.307805 0.555898 0.307805
4 0.587783 0.279673 0.609951 0.279673 0.609951 0.306090 0.587783 0.306090
0 0.618125 0.279099 0.640293 0.279099 0.640293 0.305523 0.618125 0.305523
9 0.684580 0.276817 0.706748 0.276817 0.706748 0.303234 0.684580 0.303234
57 0.749873 0.275669 0.772041 0.275669 0.772041 0.302093 0.749873 0.302093
52 0.782139 0.273953 0.804307 0.273953 0.804307 0.300378 0.782139 0.300378
42 0.815176 0.272238 0.837344 0.272238 0.837344 0.298663 0.815176 0.298663
6 0.848213 0.271381 0.870381 0.271381 0.870381 0.297805 0.848213 0.297805
24 0.040107 0.330487 0.062275 0.330487 0.062275 0.356911 0.040107 0.356911
20 0.073135 0.331919 0.095303 0.331919 0.095303 0.358336 0.073135 0.358336
62 0.106172 0.330203 0.128340 0.330203 0.128340 0.356621 0.106172 0.356621
12 0.137666 0.330203 0.159834 0.330203 0.159834 0.356621 0.137666 0.356621
20 0.170322 0.329629 0.192490 0.329629 0.192490 0.356054 0.170322 0.356054
46 0.202969 0.327914 0.225137 0.327914 0.225137 0.354339 0.202969 0.354339
49 0.234463 0.329920 0.256631 0.329920 0.256631 0.356337 0.234463 0.356337
23 0.299385 0.326773 0.321553 0.326773 0.321553 0.353190 0.299385 0.353190
24 0.330879 0.326199 0.353047 0.326199 0.353047 0.352624 0.330879 0.352624
20 0.363525 0.325058 0.385693 0.325058 0.385693 0.351475 0.363525 0.351475
12 0.396182 0.325058 0.418350 0.325058 0.418350 0.351475 0.396182 0.351475
0 0.428057 0.323917 0.450225 0.323917 0.450225 0.350334 0.428057 0.350334
22 0.491816 0.323343 0.513984 0.323343 0.513984 0.349760 0.491816 0.349760
16 0.523701 0.322485 0.545869 0.322485 0.545869 0.348903 0.523701 0.348903
48 0.555967 0.319913 0.578135 0.319913 0.578135 0.346330 0.555967 0.346330
9 0.588613 0.320196 0.610781 0.320196 0.610781 0.346621 0.588613 0.346621
6 0.619346 0.320196 0.641514 0.320196 0.641514 0.346621 0.619346 0.346621
9 0.653916 0.319055 0.676084 0.319055 0.676084 0.345472 0.653916 0.345472
44 0.717295 0.316199 0.739463 0.316199 0.739463 0.342616 0.717295 0.342616
16 0.750713 0.315625 0.772881 0.315625 0.772881 0.342042 0.750713 0.342042
28 0.782598 0.314484 0.804766 0.314484 0.804766 0.340901 0.782598 0.340901
4 0.815244 0.313052 0.837412 0.313052 0.837412 0.339469 0.815244 0.339469
0 0.846738 0.311337 0.868906 0.311337 0.868906 0.337754 0.846738 0.337754
57 0.045586 0.371846 0.067754 0.371846 0.067754 0.398263 0.045586 0.398263
45 0.076719 0.371068 0.098887 0.371068 0.098887 0.397485 0.076719 0.397485
4 0.108730 0.369876 0.130898 0.369876 0.130898 0.396294 0.108730 0.396294
36 0.140732 0.368881 0.162900 0.368881 0.162900 0.395305 0.140732 0.395305
14 0.173008 0.368089 0.195176 0.368089 0.195176 0.394506 0.173008 0.394506
0 0.202617 0.368285 0.224785 0.368285 0.224785 0.394709 0.202617 0.394709
29 0.237031 0.366497 0.259199 0.366497 0.259199 0.392922 0.237031 0.392922
61 0.269043 0.366701 0.291211 0.366701 0.291211 0.393118 0.269043 0.393118
49 0.301045 0.366105 0.323223 0.366105 0.323223 0.392522 0.301045 0.392522
23 0.365605 0.363917 0.387773 0.363917 0.387773 0.390342 0.365605 0.390342
14 0.395479 0.363525 0.417646 0.363525 0.417646 0.389942 0.395479 0.389942
22 0.428291 0.363125 0.450459 0.363125 0.450459 0.389549 0.428291 0.389549
16 0.461094 0.362725 0.483262 0.362725 0.483262 0.389150 0.461094 0.389150
28 0.492568 0.360945 0.514736 0.360945 0.514736 0.387362 0.492568 0.387362
16 0.523779 0.360945 0.545947 0.360945 0.545947 0.387362 0.523779 0.387362
13 0.557119 0.359949 0.579287 0.359949 0.579287 0.386374 0.557119 0.386374
6 0.587002 0.358365 0.609170 0.358365 0.609170 0.384782 0.587002 0.384782
9 0.621143 0.357965 0.643311 0.357965 0.643311 0.384382 0.621143 0.384382
29 0.684893 0.356177 0.707061 0.356177 0.707061 0.382602 0.684893 0.382602
0 0.717705 0.354193 0.739873 0.354193 0.739873 0.380610 0.717705 0.380610
52 0.748916 0.355385 0.771084 0.355385 0.771084 0.381802 0.748916 0.381802
49 0.782520 0.354985 0.804688 0.354985 0.804688 0.381410 0.782520 0.381410
23 0.048389 0.409738 0.070557 0.409738 0.070557 0.436156 0.048389 0.436156
14 0.077705 0.410422 0.099873 0.410422 0.099873 0.436846 0.077705 0.436846
20 0.111494 0.409760 0.133662 0.409760 0.133662 0.436185 0.111494 0.436185
13 0.142607 0.408932 0.164775 0.408932 0.164775 0.435356 0.142607 0.435356
29 0.175732 0.408270 0.197900 0.408270 0.197900 0.434695 0.175732 0.434695
0 0.204629 0.408438 0.226797 0.408438 0.226797 0.434855 0.204629 0.434855
57 0.239971 0.407609 0.262139 0.407609 0.262139 0.434033 0.239971 0.434033
9 0.270645 0.406621 0.292812 0.406621 0.292812 0.433038 0.270645 0.433038
6 0.302217 0.405959 0.324385 0.405959 0.324385 0.432376 0.302217 0.432376
9 0.334668 0.404135 0.356836 0.404135 0.356836 0.430560 0.334668 0.430560
29 0.398467 0.402812 0.420635 0.402812 0.420635 0.429237 0.398467 0.429237
36 0.429580 0.402980 0.451748 0.402980 0.451748 0.429397 0.429580 0.429397
24 0.462480 0.401323 0.484648 0.401323 0.484648 0.427747 0.462480 0.427747
0 0.492051 0.400661 0.514219 0.400661 0.514219 0.427086 0.492051 0.427086
44 0.556514 0.399506 0.578682 0.399506 0.578682 0.425923 0.556514 0.425923
16 0.588740 0.397522 0.610908 0.397522 0.610908 0.423939 0.588740 0.423939
28 0.620752 0.396860 0.642920 0.396860 0.642920 0.423278 0.620752 0.423278
4 0.652979 0.396860 0.675146 0.396860 0.675146 0.423278 0.652979 0.423278
0 0.683213 0.394709 0.705381 0.394709 0.705381 0.421126 0.683213 0.421126
49 0.717002 0.396032 0.739170 0.396032 0.739170 0.422449 0.717002 0.422449
23 0.053359 0.449964 0.075527 0.449964 0.075527 0.476381 0.053359 0.476381
4 0.081816 0.448968 0.103984 0.448968 0.103984 0.475392 0.081816 0.475392
0 0.114707 0.448307 0.136875 0.448307 0.136875 0.474731 0.114707 0.474731
62 0.147832 0.448140 0.170000 0.448140 0.170000 0.474564 0.147832 0.474564
26 0.178955 0.447151 0.201123 0.447151 0.201123 0.473568 0.178955 0.473568
24 0.209404 0.445327 0.231572 0.445327 0.231572 0.471751 0.209404 0.471751
0 0.240967 0.445000 0.263135 0.445000 0.263135 0.471417 0.240967 0.471417
4 0.304541 0.444004 0.326709 0.444004 0.326709 0.470429 0.304541 0.470429
36 0.336777 0.443176 0.358945 0.443176 0.358945 0.469600 0.336777 0.469600
14 0.368789 0.443677 0.390957 0.443677 0.390957 0.470094 0.368789 0.470094
0 0.399014 0.443677 0.421182 0.443677 0.421182 0.470094 0.399014 0.470094
28 0.431914 0.441853 0.454082 0.441853 0.454082 0.468278 0.431914 0.468278
9 0.462148 0.441192 0.484316 0.441192 0.484316 0.467616 0.462148 0.467616
16 0.495264 0.439869 0.517432 0.439869 0.517432 0.466294 0.495264 0.466294
4 0.557227 0.438786 0.579395 0.438786 0.579395 0.465211 0.557227 0.465211
20 0.588848 0.438656 0.611016 0.438656 0.611016 0.465080 0.588848 0.465080
28 0.620625 0.436337 0.642803 0.436337 0.642803 0.462762 0.620625 0.462762
30 0.653301 0.435516 0.675469 0.435516 0.675469 0.461933 0.653301 0.461933
9 0.685312 0.434688 0.707480 0.434688 0.707480 0.461105 0.685312 0.461105
6 0.716436 0.434026 0.738604 0.434026 0.738604 0.460443 0.716436 0.460443
20 0.748447 0.433198 0.770615 0.433198 0.770615 0.459622 0.748447 0.459622
13 0.782012 0.431708 0.804180 0.431708 0.804180 0.458132 0.782012 0.458132
61 0.812686 0.431541 0.834854 0.431541 0.834854 0.457965 0.812686 0.457965
1 0.844912 0.430879 0.867080 0.430879 0.867080 0.457304 0.844912 0.457304
44 0.058906 0.488895 0.081074 0.488895 0.081074 0.515313 0.058906 0.515313
16 0.089355 0.487406 0.111523 0.487406 0.111523 0.513830 0.089355 0.513830
28 0.121807 0.486911 0.143975 0.486911 0.143975 0.513328 0.121807 0.513328
4 0.152266 0.486577 0.174434 0.486577 0.174434 0.513001 0.152266 0.513001
0 0.182490 0.484760 0.204658 0.484760 0.204658 0.511177 0.182490 0.511177
57 0.246514 0.483932 0.268682 0.483932 0.268682 0.510356 0.246514 0.510356
45 0.278525 0.483605 0.300693 0.483605 0.300693 0.510022 0.278525 0.510022
29 0.309863 0.483103 0.332031 0.483103 0.332031 0.509528 0.309863 0.509528
16 0.340313 0.482776 0.362480 0.482776 0.362480 0.509193 0.340313 0.509193
22 0.370996 0.482115 0.393164 0.482115 0.393164 0.508532 0.370996 0.508532
6 0.400557 0.481453 0.422725 0.481453 0.422725 0.507871 0.400557 0.507871
9 0.433682 0.480625 0.455850 0.480625 0.455850 0.507042 0.433682 0.507042
9 0.496143 0.477645 0.518311 0.477645 0.518311 0.504070 0.496143 0.504070
52 0.557939 0.477151 0.580107 0.477151 0.580107 0.503568 0.557939 0.503568
0 0.589277 0.475167 0.611445 0.475167 0.611445 0.501584 0.589277 0.501584
57 0.622627 0.475828 0.644795 0.475828 0.644795 0.502246 0.622627 0.502246
16 0.653740 0.474833 0.675908 0.474833 0.675908 0.501257 0.653740 0.501257
22 0.684863 0.473510 0.707031 0.473510 0.707031 0.499935 0.684863 0.499935
28 0.716201 0.473343 0.738369 0.473343 0.738369 0.499767 0.716201 0.499767
36 0.749102 0.472355 0.771270 0.472355 0.771270 0.498772 0.749102 0.498772
6 0.780225 0.471032 0.802393 0.471032 0.802393 0.497449 0.780225 0.497449
9 0.812236 0.469869 0.834404 0.469869 0.834404 0.496294 0.812236 0.496294
