41 0.135420 0.874382 0.157236 0.874382 0.157236 0.901054 0.135420 0.901054
28 0.465176 0.208096 0.485449 0.208096 0.485449 0.232798 0.465176 0.232798
16 0.497441 0.209244 0.517715 0.209244 0.517715 0.233939 0.497441 0.233939
24 0.555439 0.210102 0.575723 0.210102 0.575723 0.234797 0.555439 0.234797
20 0.583867 0.211526 0.604141 0.211526 0.604141 0.236228 0.583867 0.236228
46 0.614209 0.212384 0.634492 0.212384 0.634492 0.237086 0.614209 0.237086
29 0.644170 0.213241 0.664453 0.213241 0.664453 0.237943 0.644170 0.237943
9 0.673740 0.213241 0.694023 0.213241 0.694023 0.237943 0.673740 0.237943
49 0.703701 0.215247 0.723984 0.215247 0.723984 0.239942 0.703701 0.239942
29 0.130615 0.275269 0.150889 0.275269 0.150889 0.299971 0.130615 0.299971
20 0.160576 0.275560 0.180850 0.275560 0.180850 0.300254 0.160576 0.300254
6 0.189385 0.275843 0.209658 0.275843 0.209658 0.300545 0.189385 0.300545
61 0.221260 0.276984 0.241543 0.276984 0.241543 0.301686 0.221260 0.301686
4 0.250449 0.276984 0.270732 0.276984 0.270732 0.301686 0.250449 0.301686
20 0.281562 0.277842 0.301846 0.277842 0.301846 0.302544 0.281562 0.302544
22 0.342256 0.280131 0.362539 0.280131 0.362539 0.304833 0.342256 0.304833
0 0.373369 0.280131 0.393652 0.280131 0.393652 0.304833 0.373369 0.304833
4 0.401406 0.280988 0.421689 0.280988 0.421689 0.305690 0.401406 0.305690
9 0.433672 0.281846 0.453955 0.281846 0.453955 0.306548 0.433672 0.306548
14 0.493594 0.282987 0.513877 0.282987 0.513877 0.307689 0.493594 0.307689
36 0.522402 0.283561 0.542686 0.283561 0.542686 0.308263 0.522402 0.308263
30 0.551602 0.284702 0.571875 0.284702 0.571875 0.309404 0.551602 0.309404
16 0.581562 0.284702 0.601836 0.284702 0.601836 0.309404 0.581562 0.309404
26 0.611523 0.285560 0.631797 0.285560 0.631797 0.310262 0.611523 0.310262
6 0.639561 0.287275 0.659844 0.287275 0.659844 0.311977 0.639561 0.311977
0 0.671055 0.286708 0.691338 0.286708 0.691338 0.311403 0.671055 0.311403
52 0.701016 0.287275 0.721299 0.287275 0.721299 0.311977 0.701016 0.311977
45 0.731357 0.288423 0.751641 0.288423 0.751641 0.313118 0.731357 0.313118
16 0.762090 0.288423 0.782373 0.288423 0.782373 0.313118 0.762090 0.313118
14 0.127910 0.348045 0.148193 0.348045 0.148193 0.372740 0.127910 0.372740
20 0.159287 0.349949 0.179561 0.349949 0.179561 0.374644 0.159287 0.374644
52 0.218496 0.351381 0.238779 0.351381 0.238779 0.376076 0.218496 0.376076
16 0.248906 0.351613 0.269189 0.351613 0.269189 0.376315 0.248906 0.376315
12 0.280273 0.352333 0.300557 0.352333 0.300557 0.377028 0.280273 0.377028
6 0.309727 0.353997 0.330010 0.353997 0.330010 0.378699 0.309727 0.378699
16 0.341094 0.354237 0.361377 0.354237 0.361377 0.378939 0.341094 0.378939
57 0.400957 0.355429 0.421230 0.355429 0.421230 0.380124 0.400957 0.380124
20 0.430400 0.356141 0.450684 0.356141 0.450684 0.380843 0.430400 0.380843
12 0.490576 0.357333 0.510859 0.357333 0.510859 0.382035 0.490576 0.382035
22 0.520029 0.357573 0.540312 0.357573 0.540312 0.382267 0.520029 0.382267
0 0.548193 0.357813 0.568477 0.357813 0.568477 0.382507 0.548193 0.382507
4 0.577002 0.359237 0.597285 0.359237 0.597285 0.383939 0.577002 0.383939
16 0.608057 0.359477 0.628330 0.359477 0.628330 0.384179 0.608057 0.384179
6 0.667588 0.360669 0.687871 0.360669 0.687871 0.385363 0.667588 0.385363
0 0.697041 0.361381 0.717324 0.361381 0.717324 0.386083 0.697041 0.386083
52 0.728086 0.362333 0.748369 0.362333 0.748369 0.387035 0.728086 0.387035
0 0.757852 0.362333 0.778135 0.362333 0.778135 0.387035 0.757852 0.387035
50 0.787305 0.363285 0.807588 0.363285 0.807588 0.387987 0.787305 0.387987
29 0.817393 0.363285 0.837676 0.363285 0.837676 0.387987 0.817393 0.387987
1 0.844600 0.363765 0.864883 0.363765 0.864883 0.388467 0.844600 0.388467
24 0.124922 0.422842 0.145205 0.422842 0.145205 0.447544 0.124922 0.447544
0 0.155342 0.423525 0.175625 0.423525 0.175625 0.448227 0.155342 0.448227
57 0.216787 0.426141 0.237070 0.426141 0.237070 0.450836 0.216787 0.450836
20 0.276660 0.427187 0.296943 0.427187 0.296943 0.451882 0.276660 0.451882
57 0.308027 0.428140 0.328311 0.428140 0.328311 0.452834 0.308027 0.452834
22 0.337480 0.428612 0.357754 0.428612 0.357754 0.453314 0.337480 0.453314
0 0.368203 0.428140 0.388486 0.428140 0.388486 0.452834 0.368203 0.452834
26 0.397656 0.429331 0.417939 0.429331 0.417939 0.454026 0.397656 0.454026
16 0.429023 0.430044 0.449307 0.430044 0.449307 0.454746 0.429023 0.454746
52 0.487598 0.431475 0.507881 0.431475 0.507881 0.456170 0.487598 0.456170
0 0.516729 0.430996 0.537012 0.430996 0.537012 0.455698 0.516729 0.455698
26 0.576270 0.432900 0.596553 0.432900 0.596553 0.457602 0.576270 0.457602
20 0.604756 0.433852 0.625039 0.433852 0.625039 0.458554 0.604756 0.458554
22 0.634521 0.433619 0.654805 0.433619 0.654805 0.458314 0.634521 0.458314
20 0.665254 0.434331 0.685537 0.434331 0.685537 0.459026 0.665254 0.459026
50 0.695342 0.435044 0.715625 0.435044 0.715625 0.459746 0.695342 0.459746
57 0.122295 0.497435 0.142578 0.497435 0.142578 0.522129 0.122295 0.522129
20 0.151875 0.498031 0.172158 0.498031 0.172158 0.522725 0.151875 0.522725
6 0.180947 0.498423 0.201230 0.498423 0.201230 0.523125 0.180947 0.523125
4 0.212422 0.498823 0.232705 0.498823 0.232705 0.523517 0.212422 0.523517
9 0.243896 0.499222 0.264180 0.499222 0.264180 0.523917 0.243896 0.523917
2 0.304980 0.499818 0.325264 0.499818 0.325264 0.524513 0.304980 0.524513
16 0.335928 0.500015 0.356211 0.500015 0.356211 0.524709 0.335928 0.524709
48 0.366416 0.501555 0.386699 0.501555 0.386699 0.526257 0.366416 0.526257
16 0.395430 0.501882 0.415713 0.501882 0.415713 0.526584 0.395430 0.526584
28 0.425518 0.503074 0.445801 0.503074 0.445801 0.527776 0.425518 0.527776
45 0.454961 0.503547 0.475244 0.503547 0.475244 0.528249 0.454961 0.528249
16 0.484736 0.503786 0.505020 0.503786 0.505020 0.528488 0.484736 0.528488
57 0.543311 0.505218 0.563594 0.505218 0.563594 0.529913 0.543311 0.529913
20 0.572764 0.505690 0.593037 0.505690 0.593037 0.530392 0.572764 0.530392
50 0.602852 0.507122 0.623135 0.507122 0.623135 0.531824 0.602852 0.531824
29 0.631973 0.507122 0.652256 0.507122 0.652256 0.531824 0.631973 0.531824
49 0.662705 0.508794 0.682988 0.508794 0.682988 0.533488 0.662705 0.533488
22 0.117354 0.572347 0.137627 0.572347 0.137627 0.597042 0.117354 0.597042
0 0.148291 0.571948 0.168574 0.571948 0.168574 0.596650 0.148291 0.596650
28 0.178965 0.573336 0.199248 0.573336 0.199248 0.598038 0.178965 0.598038
20 0.209648 0.573532 0.229922 0.573532 0.229922 0.598234 0.209648 0.598234
35 0.239521 0.575124 0.259805 0.575124 0.259805 0.599826 0.239521 0.599826
22 0.269932 0.574331 0.290205 0.574331 0.290205 0.599026 0.269932 0.599026
0 0.300605 0.574128 0.320889 0.574128 0.320889 0.598830 0.300605 0.598830
28 0.332344 0.575719 0.352627 0.575719 0.352627 0.600422 0.332344 0.600422
20 0.362490 0.576119 0.382773 0.576119 0.382773 0.600814 0.362490 0.600814
24 0.115225 0.646308 0.135498 0.646308 0.135498 0.671003 0.115225 0.671003
57 0.145596 0.647900 0.165869 0.647900 0.165869 0.672602 0.145596 0.672602
0 0.175469 0.647507 0.195752 0.647507 0.195752 0.672202 0.175469 0.672202
2 0.236289 0.648895 0.256563 0.648895 0.256563 0.673597 0.236289 0.673597
0 0.266963 0.648895 0.287246 0.648895 0.287246 0.673597 0.266963 0.673597
22 0.298174 0.649295 0.318447 0.649295 0.318447 0.673990 0.298174 0.673990
0 0.328848 0.648895 0.349131 0.648895 0.349131 0.673597 0.328848 0.673597
28 0.358984 0.650087 0.379268 0.650087 0.379268 0.674789 0.358984 0.674789
0 0.388867 0.650283 0.409141 0.650283 0.409141 0.674985 0.388867 0.674985
52 0.109766 0.722238 0.131592 0.722238 0.131592 0.748401 0.109766 0.748401
0 0.139971 0.722602 0.160244 0.722602 0.160244 0.748292 0.139971 0.748292
13 0.171094 0.723256 0.193555 0.723256 0.193555 0.748983 0.171094 0.748983
29 0.202646 0.723401 0.224902 0.723401 0.224902 0.749455 0.202646 0.749455
36 0.233545 0.723765 0.253828 0.723765 0.253828 0.749949 0.233545 0.749949
30 0.263574 0.724128 0.285391 0.724128 0.285391 0.750799 0.263574 0.750799
0 0.294795 0.723765 0.316621 0.723765 0.316621 0.750436 0.294795 0.750436
6 0.325254 0.724593 0.347070 0.724593 0.347070 0.751265 0.325254 0.751265
9 0.355703 0.724760 0.377529 0.724760 0.377529 0.751432 0.355703 0.751432
57 0.416611 0.725916 0.438428 0.725916 0.438428 0.752587 0.416611 0.752587
57 0.476406 0.727238 0.498223 0.727238 0.498223 0.753910 0.476406 0.753910
20 0.507305 0.727238 0.529121 0.727238 0.529121 0.753910 0.507305 0.753910
22 0.535752 0.727900 0.557578 0.727900 0.557578 0.754571 0.535752 0.754571
20 0.566211 0.728561 0.588027 0.728561 0.588027 0.755233 0.566211 0.755233
29 0.595996 0.728895 0.617812 0.728895 0.617812 0.755567 0.595996 0.755567
0 0.624893 0.728728 0.646709 0.728728 0.646709 0.755400 0.624893 0.755400
17 0.655566 0.728728 0.677393 0.728728 0.677393 0.755400 0.655566 0.755400
29 0.106768 0.798685 0.128594 0.798685 0.128594 0.825356 0.106768 0.825356
22 0.138242 0.799281 0.160068 0.799281 0.160068 0.825952 0.138242 0.825952
0 0.168125 0.799477 0.189941 0.799477 0.189941 0.826148 0.168125 0.826148
35 0.198799 0.800073 0.220615 0.800073 0.220615 0.826744 0.198799 0.826744
29 0.230273 0.799673 0.252090 0.799673 0.252090 0.826344 0.230273 0.826344
0 0.260146 0.799876 0.281973 0.799876 0.281973 0.826548 0.260146 0.826548
35 0.291621 0.801061 0.313447 0.801061 0.313447 0.827733 0.291621 0.827733
29 0.322031 0.800865 0.343848 0.800865 0.343848 0.827536 0.322031 0.827536
0 0.352441 0.801265 0.374258 0.801265 0.374258 0.827936 0.352441 0.827936
9 0.414062 0.802456 0.435879 0.802456 0.435879 0.829128 0.414062 0.829128
29 0.474346 0.803445 0.496162 0.803445 0.496162 0.830116 0.474346 0.830116
22 0.504482 0.803648 0.526309 0.803648 0.526309 0.830320 0.504482 0.830320
0 0.532764 0.803052 0.554580 0.803052 0.554580 0.829724 0.532764 0.829724
35 0.563965 0.805429 0.585791 0.805429 0.585791 0.832100 0.563965 0.832100
29 0.594111 0.804833 0.615928 0.804833 0.615928 0.831504 0.594111 0.831504
0 0.623721 0.804833 0.645537 0.804833 0.645537 0.831504 0.623721 0.831504
35 0.654131 0.807217 0.675947 0.807217 0.675947 0.833888 0.654131 0.833888
29 0.684805 0.806025 0.706621 0.806025 0.706621 0.832696 0.684805 0.832696
0 0.714414 0.806424 0.736230 0.806424 0.736230 0.833096 0.714414 0.833096
21 0.745625 0.808408 0.767441 0.808408 0.767441 0.835080 0.745625 0.835080
37 0.104043 0.875102 0.125869 0.875102 0.125869 0.901773 0.104043 0.901773
46 0.166143 0.874862 0.187969 0.874862 0.187969 0.901533 0.166143 0.901533
57 0.227285 0.876526 0.249102 0.876526 0.249102 0.903198 0.227285 0.903198
45 0.258008 0.877006 0.279834 0.877006 0.279834 0.903677 0.258008 0.903677
1 0.287783 0.876526 0.309600 0.876526 0.309600 0.903198 0.287783 0.903198
52 0.319785 0.877718 0.341611 0.877718 0.341611 0.904390 0.319785 0.904390
57 0.350195 0.877958 0.372021 0.877958 0.372021 0.904629 0.350195 0.904629
16 0.380283 0.877718 0.402109 0.877718 0.402109 0.904390 0.380283 0.904390
22 0.410693 0.878198 0.432520 0.878198 0.432520 0.904869 0.410693 0.904869
9 0.441104 0.878198 0.462930 0.878198 0.462930 0.904869 0.441104 0.904869
1 0.470557 0.878670 0.492373 0.878670 0.492373 0.905342 0.470557 0.905342
57 0.502246 0.879862 0.524062 0.879862 0.524062 0.906533 0.502246 0.906533
45 0.530645 0.880225 0.552461 0.880225 0.552461 0.906897 0.530645 0.906897
18 0.561318 0.879557 0.583145 0.879557 0.583145 0.906235 0.561318 0.906235
20 0.590664 0.880225 0.612480 0.880225 0.612480 0.906897 0.590664 0.906897
24 0.621777 0.880552 0.643604 0.880552 0.643604 0.907224 0.621777 0.907224
9 0.651787 0.881381 0.673613 0.881381 0.673613 0.908052 0.651787 0.908052
29 0.682461 0.882376 0.704287 0.882376 0.704287 0.909048 0.682461 0.909048
16 0.712695 0.882536 0.734521 0.882536 0.734521 0.909208 0.712695 0.909208
1 0.742041 0.882536 0.763857 0.882536 0.763857 0.909208 0.742041 0.909208
28 0.142520 0.056766 0.162803 0.056766 0.162803 0.081468 0.142520 0.081468
0 0.171123 0.056766 0.191396 0.056766 0.191396 0.081468 0.171123 0.081468
6 0.230576 0.057449 0.250859 0.057449 0.250859 0.082151 0.230576 0.082151
36 0.260537 0.057798 0.280820 0.057798 0.280820 0.082493 0.260537 0.082493
25 0.291426 0.058481 0.311699 0.058481 0.311699 0.083183 0.291426 0.083183
0 0.321387 0.058823 0.341660 0.058823 0.341660 0.083525 0.321387 0.083525
46 0.351807 0.060196 0.372090 0.060196 0.372090 0.084898 0.351807 0.084898
4 0.381309 0.060196 0.401582 0.060196 0.401582 0.084898 0.381309 0.084898
16 0.411270 0.060538 0.431543 0.060538 0.431543 0.085240 0.411270 0.085240
17 0.441230 0.060887 0.461504 0.060887 0.461504 0.085581 0.441230 0.085581
59 0.912002 0.040734 0.932285 0.040734 0.932285 0.065429 0.912002 0.065429
9 0.940771 0.040734 0.961045 0.040734 0.961045 0.065429 0.940771 0.065429
13 0.137842 0.128147 0.158125 0.128147 0.158125 0.152842 0.137842 0.152842
2 0.167002 0.128067 0.187285 0.128067 0.187285 0.152762 0.167002 0.152762
9 0.197344 0.128350 0.217627 0.128350 0.217627 0.153052 0.197344 0.153052
6 0.226543 0.129208 0.246816 0.129208 0.246816 0.153910 0.226543 0.153910
9 0.257646 0.129782 0.277930 0.129782 0.277930 0.154477 0.257646 0.154477
13 0.287607 0.130923 0.307891 0.130923 0.307891 0.155625 0.287607 0.155625
61 0.318340 0.131497 0.338623 0.131497 0.338623 0.156192 0.318340 0.156192
1 0.348301 0.131497 0.368584 0.131497 0.368584 0.156192 0.348301 0.156192
2 0.377881 0.131206 0.398154 0.131206 0.398154 0.155908 0.377881 0.155908
16 0.408604 0.131781 0.428887 0.131781 0.428887 0.156483 0.408604 0.156483
24 0.439336 0.132064 0.459619 0.132064 0.459619 0.156766 0.439336 0.156766
28 0.468145 0.134927 0.488428 0.134927 0.488428 0.159622 0.468145 0.159622
45 0.499258 0.135785 0.519541 0.135785 0.519541 0.160480 0.499258 0.160480
16 0.528447 0.136352 0.548730 0.136352 0.548730 0.161054 0.528447 0.161054
1 0.556104 0.136926 0.576387 0.136926 0.576387 0.161628 0.556104 0.161628
13 0.586836 0.138641 0.607119 0.138641 0.607119 0.163343 0.586836 0.163343
14 0.646758 0.139499 0.667041 0.139499 0.667041 0.164201 0.646758 0.164201
36 0.676719 0.140356 0.697002 0.140356 0.697002 0.165058 0.676719 0.165058
29 0.706680 0.141214 0.726963 0.141214 0.726963 0.165916 0.706680 0.165916
9 0.735869 0.141788 0.756152 0.141788 0.756152 0.166483 0.735869 0.166483
1 0.764297 0.142071 0.784580 0.142071 0.784580 0.166773 0.764297 0.166773
9 0.133682 0.201235 0.153965 0.201235 0.153965 0.225937 0.133682 0.225937
12 0.165186 0.202093 0.185459 0.202093 0.185459 0.226795 0.165186 0.226795
24 0.225488 0.203241 0.245771 0.203241 0.245771 0.227936 0.225488 0.227936
20 0.253906 0.204382 0.274189 0.204382 0.274189 0.229077 0.253906 0.229077
24 0.315752 0.204099 0.336035 0.204099 0.336035 0.228794 0.315752 0.228794
20 0.346484 0.205240 0.366768 0.205240 0.366768 0.229935 0.346484 0.229935
12 0.375674 0.206672 0.395957 0.206672 0.395957 0.231366 0.375674 0.231366
36 0.405635 0.207812 0.425918 0.207812 0.425918 0.232507 0.405635 0.232507
