29 0.526943 0.100690 0.548008 0.100690 0.548008 0.125509 0.526943 0.125509
9 0.497812 0.101170 0.518877 0.101170 0.518877 0.125981 0.497812 0.125981
24 0.469004 0.103074 0.490068 0.103074 0.490068 0.127885 0.469004 0.127885
16 0.438594 0.104506 0.459658 0.104506 0.459658 0.129317 0.438594 0.129317
2 0.408828 0.106882 0.429893 0.106882 0.429893 0.131701 0.408828 0.131701
20 0.381152 0.109084 0.402217 0.109084 0.402217 0.133895 0.381152 0.133895
14 0.351963 0.109368 0.373027 0.109368 0.373027 0.134179 0.351963 0.134179
0 0.295498 0.112798 0.316563 0.112798 0.316563 0.137609 0.295498 0.137609
6 0.267080 0.114230 0.288135 0.114230 0.288135 0.139041 0.267080 0.139041
9 0.240576 0.115087 0.261631 0.115087 0.261631 0.139898 0.240576 0.139898
24 0.210996 0.115654 0.232061 0.115654 0.232061 0.140472 0.210996 0.140472
20 0.182568 0.117943 0.203633 0.117943 0.203633 0.142754 0.182568 0.142754
4 0.154150 0.119084 0.175205 0.119084 0.175205 0.143903 0.154150 0.143903
20 0.127256 0.120799 0.148320 0.120799 0.148320 0.145618 0.127256 0.145618
22 0.100371 0.122805 0.121436 0.122805 0.121436 0.147616 0.100371 0.147616
4 0.075020 0.123663 0.096084 0.123663 0.096084 0.148474 0.075020 0.148474
25 0.127539 0.086206 0.148604 0.086206 0.148604 0.111025 0.127539 0.111025
0 0.101670 0.088990 0.122725 0.088990 0.122725 0.113801 0.101670 0.113801
59 0.073760 0.089491 0.094824 0.089491 0.094824 0.114310 0.073760 0.114310
29 0.102490 0.190218 0.123545 0.190218 0.123545 0.215036 0.102490 0.215036
30 0.074063 0.191933 0.095127 0.191933 0.095127 0.216744 0.074063 0.216744
1 0.585205 0.098547 0.606260 0.098547 0.606260 0.123365 0.585205 0.123365
28 0.333164 0.615414 0.354219 0.615414 0.354219 0.640225 0.333164 0.640225
9 0.360371 0.614935 0.381426 0.614935 0.381426 0.639753 0.360371 0.639753
4 0.419268 0.613983 0.440322 0.613983 0.440322 0.638801 0.419268 0.638801
12 0.478799 0.614222 0.499863 0.614222 0.499863 0.639033 0.478799 0.639033
16 0.508574 0.614462 0.529629 0.614462 0.529629 0.639273 0.508574 0.639273
24 0.538018 0.613983 0.559082 0.613983 0.559082 0.638801 0.538018 0.638801
57 0.568750 0.614935 0.589814 0.614935 0.589814 0.639753 0.568750 0.639753
16 0.600439 0.614222 0.621494 0.614222 0.621494 0.639033 0.600439 0.639033
24 0.630527 0.613983 0.651592 0.613983 0.651592 0.638801 0.630527 0.638801
50 0.661895 0.614462 0.683594 0.614462 0.683594 0.641206 0.661895 0.641206
57 0.633184 0.691991 0.654248 0.691991 0.654248 0.718968 0.633184 0.718968
2 0.695605 0.692943 0.716660 0.692943 0.716660 0.717754 0.695605 0.717754
16 0.729209 0.693423 0.750273 0.693423 0.750273 0.718234 0.729209 0.718234
22 0.761865 0.694004 0.784180 0.694004 0.784180 0.720981 0.761865 0.720981
6 0.794512 0.693765 0.815576 0.693765 0.815576 0.720741 0.794512 0.720741
20 0.828438 0.695196 0.849502 0.695196 0.849502 0.722173 0.828438 0.722173
26 0.861406 0.694004 0.882471 0.694004 0.882471 0.720981 0.861406 0.720981
36 0.892461 0.693532 0.916699 0.693532 0.916699 0.722674 0.892461 0.722674
17 0.925752 0.695196 0.948730 0.695196 0.948730 0.722173 0.925752 0.722173
37 0.075703 0.763132 0.096758 0.763132 0.096758 0.790109 0.075703 0.790109
57 0.105469 0.764084 0.126533 0.764084 0.126533 0.791061 0.105469 0.791061
45 0.131396 0.763612 0.152461 0.763612 0.152461 0.790589 0.131396 0.790589
18 0.160205 0.763372 0.181270 0.763372 0.181270 0.790349 0.160205 0.790349
20 0.188057 0.764324 0.209111 0.764324 0.209111 0.791301 0.188057 0.791301
24 0.216543 0.763852 0.237607 0.763852 0.237607 0.790828 0.216543 0.790828
20 0.127070 0.189360 0.148135 0.189360 0.148135 0.214172 0.127070 0.214172
0 0.268809 0.183932 0.289873 0.183932 0.289873 0.208743 0.268809 0.208743
0 0.271348 0.327725 0.292412 0.327725 0.292412 0.352536 0.271348 0.352536
0 0.244883 0.399259 0.265937 0.399259 0.265937 0.424070 0.244883 0.424070
0 0.445391 0.394113 0.466445 0.394113 0.466445 0.418924 0.445391 0.418924
0 0.654189 0.387936 0.675254 0.387936 0.675254 0.412747 0.654189 0.412747
0 0.563760 0.464586 0.584824 0.464586 0.584824 0.489397 0.563760 0.489397
0 0.187793 0.543517 0.208857 0.543517 0.208857 0.568328 0.187793 0.568328
0 0.417881 0.539804 0.438936 0.539804 0.438936 0.564615 0.417881 0.564615
0 0.658330 0.536657 0.679395 0.536657 0.679395 0.561468 0.658330 0.561468
0 0.331133 0.765756 0.352197 0.765756 0.352197 0.792733 0.331133 0.792733
0 0.638037 0.854535 0.659102 0.854535 0.659102 0.881512 0.638037 0.881512
16 0.511670 0.769564 0.532734 0.769564 0.532734 0.796541 0.511670 0.796541
24 0.542080 0.769804 0.563135 0.769804 0.563135 0.796781 0.542080 0.796781
57 0.573447 0.771235 0.594512 0.771235 0.594512 0.798212 0.573447 0.798212
16 0.604814 0.771948 0.625879 0.771948 0.625879 0.798924 0.604814 0.798924
24 0.635869 0.772188 0.656924 0.772188 0.656924 0.799164 0.635869 0.799164
61 0.668193 0.774092 0.689258 0.774092 0.689258 0.801068 0.668193 0.801068
1 0.699248 0.773852 0.720303 0.773852 0.720303 0.800828 0.699248 0.800828
28 0.607949 0.853350 0.629014 0.853350 0.629014 0.881759 0.607949 0.881759
14 0.703018 0.856446 0.725977 0.856446 0.725977 0.884593 0.703018 0.884593
20 0.735996 0.857871 0.757715 0.857871 0.757715 0.885102 0.735996 0.885102
9 0.245996 0.763852 0.267051 0.763852 0.267051 0.790828 0.245996 0.790828
35 0.274482 0.765996 0.295537 0.765996 0.295537 0.792972 0.274482 0.792972
4 0.302969 0.765516 0.324033 0.765516 0.324033 0.792493 0.302969 0.792493
29 0.390029 0.767420 0.411094 0.767420 0.411094 0.794397 0.390029 0.794397
45 0.420127 0.768372 0.441182 0.768372 0.441182 0.795349 0.420127 0.795349
1 0.448936 0.768132 0.469990 0.768132 0.469990 0.795109 0.448936 0.795109
12 0.480938 0.769092 0.502002 0.769092 0.502002 0.796068 0.480938 0.796068
24 0.769277 0.858110 0.791602 0.858110 0.791602 0.885087 0.769277 0.885087
12 0.801943 0.859542 0.824258 0.859542 0.824258 0.886519 0.801943 0.886519
20 0.834590 0.860494 0.856914 0.860494 0.856914 0.887471 0.834590 0.887471
26 0.867881 0.858823 0.890195 0.858823 0.890195 0.885799 0.867881 0.885799
36 0.899570 0.859782 0.921885 0.859782 0.921885 0.886759 0.899570 0.886759
49 0.932217 0.860494 0.954541 0.860494 0.954541 0.887471 0.932217 0.887471
45 0.329434 0.325036 0.350488 0.325036 0.350488 0.349847 0.329434 0.349847
16 0.358008 0.324295 0.379072 0.324295 0.379072 0.349106 0.358008 0.349106
2 0.412861 0.322922 0.433916 0.322922 0.433916 0.347733 0.412861 0.347733
20 0.442822 0.321897 0.463877 0.321897 0.463877 0.346708 0.442822 0.346708
42 0.473242 0.320523 0.494297 0.320523 0.494297 0.345334 0.473242 0.345334
29 0.503203 0.318808 0.524258 0.318808 0.524258 0.343619 0.503203 0.343619
2 0.154727 0.188794 0.175791 0.188794 0.175791 0.213605 0.154727 0.213605
45 0.185068 0.187929 0.206133 0.187929 0.206133 0.212747 0.185068 0.212747
25 0.241152 0.184499 0.262217 0.184499 0.262217 0.209317 0.241152 0.209317
24 0.297998 0.183358 0.319063 0.183358 0.319063 0.208169 0.297998 0.208169
28 0.326426 0.182217 0.347490 0.182217 0.347490 0.207028 0.326426 0.207028
45 0.354854 0.180501 0.375908 0.180501 0.375908 0.205312 0.354854 0.205312
46 0.383271 0.179070 0.404336 0.179070 0.404336 0.203888 0.383271 0.203888
4 0.440127 0.176781 0.461182 0.176781 0.461182 0.201599 0.440127 0.201599
22 0.470088 0.175356 0.491143 0.175356 0.491143 0.200167 0.470088 0.200167
20 0.499658 0.173924 0.520723 0.173924 0.520723 0.198743 0.499658 0.198743
4 0.528086 0.172783 0.549141 0.172783 0.549141 0.197594 0.528086 0.197594
20 0.558047 0.170778 0.579102 0.170778 0.579102 0.195596 0.558047 0.195596
24 0.588389 0.168205 0.609453 0.168205 0.609453 0.193023 0.588389 0.193023
9 0.617578 0.166781 0.638643 0.166781 0.638643 0.191592 0.617578 0.191592
6 0.646777 0.166781 0.667832 0.166781 0.667832 0.191592 0.646777 0.191592
13 0.074834 0.260821 0.095898 0.260821 0.095898 0.285640 0.074834 0.285640
20 0.102871 0.259680 0.123936 0.259680 0.123936 0.284491 0.102871 0.284491
6 0.128994 0.259397 0.150049 0.259397 0.150049 0.284208 0.128994 0.284208
28 0.157803 0.259106 0.178857 0.259106 0.178857 0.283924 0.157803 0.283924
8 0.185068 0.258539 0.206133 0.258539 0.206133 0.283350 0.185068 0.283350
16 0.213877 0.257965 0.234941 0.257965 0.234941 0.282776 0.213877 0.282776
57 0.271113 0.255392 0.292178 0.255392 0.292178 0.280203 0.271113 0.280203
28 0.327197 0.253103 0.348252 0.253103 0.348252 0.277922 0.327197 0.277922
16 0.356006 0.251962 0.377061 0.251962 0.377061 0.276773 0.356006 0.276773
2 0.382891 0.251105 0.403955 0.251105 0.403955 0.275916 0.382891 0.275916
20 0.413232 0.249964 0.434297 0.249964 0.434297 0.274775 0.413232 0.274775
57 0.472393 0.247674 0.493447 0.247674 0.493447 0.272485 0.472393 0.272485
20 0.501582 0.246533 0.522637 0.246533 0.522637 0.271344 0.501582 0.271344
22 0.531162 0.245385 0.552217 0.245385 0.552217 0.270203 0.531162 0.270203
20 0.559971 0.243961 0.581025 0.243961 0.581025 0.268772 0.559971 0.268772
29 0.591074 0.241672 0.612139 0.241672 0.612139 0.266483 0.591074 0.266483
9 0.619502 0.239673 0.640566 0.239673 0.640566 0.264484 0.619502 0.264484
6 0.649844 0.239099 0.670908 0.239099 0.670908 0.263910 0.649844 0.263910
21 0.681348 0.239382 0.702402 0.239382 0.702402 0.264201 0.681348 0.264201
51 0.713223 0.238815 0.734287 0.238815 0.734287 0.263626 0.713223 0.263626
28 0.074990 0.330814 0.096055 0.330814 0.096055 0.355625 0.074990 0.355625
20 0.104492 0.330472 0.125557 0.330472 0.125557 0.355283 0.104492 0.355283
12 0.158428 0.330124 0.179482 0.330124 0.179482 0.354942 0.158428 0.354942
20 0.187002 0.328757 0.208066 0.328757 0.208066 0.353568 0.187002 0.353568
18 0.213271 0.329099 0.234336 0.329099 0.234336 0.353910 0.213271 0.353910
28 0.243701 0.328067 0.264756 0.328067 0.264756 0.352878 0.243701 0.352878
29 0.300850 0.325327 0.321914 0.325327 0.321914 0.350138 0.300850 0.350138
13 0.532236 0.317776 0.553301 0.317776 0.553301 0.342587 0.532236 0.342587
42 0.562197 0.317435 0.583262 0.317435 0.583262 0.342246 0.562197 0.342246
17 0.592627 0.317435 0.613682 0.317435 0.613682 0.342246 0.592627 0.342246
37 0.076641 0.404746 0.097705 0.404746 0.097705 0.429557 0.076641 0.429557
26 0.104756 0.403372 0.125820 0.403372 0.125820 0.428183 0.104756 0.428183
24 0.131035 0.402689 0.152090 0.402689 0.152090 0.427500 0.131035 0.427500
16 0.159150 0.401657 0.180205 0.401657 0.180205 0.426468 0.159150 0.426468
28 0.216309 0.400283 0.237363 0.400283 0.237363 0.425094 0.216309 0.425094
12 0.273926 0.399259 0.294980 0.399259 0.294980 0.424070 0.273926 0.424070
13 0.330615 0.397195 0.351680 0.397195 0.351680 0.422013 0.330615 0.422013
41 0.387773 0.395828 0.408828 0.395828 0.408828 0.420640 0.387773 0.420640
29 0.416348 0.396170 0.437412 0.396170 0.437412 0.420981 0.416348 0.420981
4 0.473965 0.393765 0.495029 0.393765 0.495029 0.418583 0.473965 0.418583
9 0.504385 0.392398 0.525449 0.392398 0.525449 0.417209 0.504385 0.417209
12 0.533887 0.391708 0.554951 0.391708 0.554951 0.416526 0.533887 0.416526
13 0.593809 0.389310 0.614873 0.389310 0.614873 0.414121 0.593809 0.414121
22 0.623770 0.389310 0.644834 0.389310 0.644834 0.414121 0.623770 0.414121
25 0.685996 0.386221 0.707061 0.386221 0.707061 0.411032 0.685996 0.411032
0 0.716494 0.384847 0.737559 0.384847 0.737559 0.409658 0.716494 0.409658
29 0.749141 0.384847 0.770205 0.384847 0.770205 0.409658 0.749141 0.409658
61 0.781406 0.383474 0.802471 0.383474 0.802471 0.408292 0.781406 0.408292
13 0.812305 0.381395 0.834277 0.381395 0.834277 0.407260 0.812305 0.407260
42 0.844561 0.380378 0.867969 0.380378 0.867969 0.406904 0.844561 0.406904
21 0.876357 0.381076 0.897422 0.381076 0.897422 0.405887 0.876357 0.405887
20 0.076094 0.474535 0.097158 0.474535 0.097158 0.499346 0.076094 0.499346
28 0.104209 0.473503 0.125273 0.473503 0.125273 0.498321 0.104209 0.498321
9 0.159521 0.471788 0.180586 0.471788 0.180586 0.496606 0.159521 0.496606
26 0.217598 0.471105 0.238662 0.471105 0.238662 0.495916 0.217598 0.495916
22 0.245254 0.471446 0.266318 0.471446 0.266318 0.496257 0.245254 0.496257
20 0.274756 0.470414 0.295820 0.470414 0.295820 0.495233 0.274756 0.495233
52 0.303330 0.470073 0.324395 0.470073 0.324395 0.494891 0.303330 0.494891
16 0.332373 0.469731 0.353438 0.469731 0.353438 0.494542 0.332373 0.494542
16 0.556709 0.099026 0.577773 0.099026 0.577773 0.123837 0.556709 0.123837
28 0.360488 0.469390 0.381553 0.469390 0.381553 0.494201 0.360488 0.494201
9 0.417646 0.466984 0.438711 0.466984 0.438711 0.491802 0.417646 0.491802
52 0.476182 0.466984 0.497246 0.466984 0.497246 0.491802 0.476182 0.491802
36 0.506143 0.465959 0.527207 0.465959 0.527207 0.490770 0.506143 0.490770
2 0.534258 0.464927 0.555322 0.464927 0.555322 0.489746 0.534258 0.489746
13 0.596025 0.463554 0.617090 0.463554 0.617090 0.488372 0.596025 0.488372
29 0.625986 0.463212 0.647051 0.463212 0.647051 0.488031 0.625986 0.488031
1 0.655488 0.463903 0.676553 0.463903 0.676553 0.488714 0.655488 0.488714
20 0.076396 0.545807 0.097461 0.545807 0.097461 0.570618 0.076396 0.570618
28 0.105205 0.546090 0.126270 0.546090 0.126270 0.570901 0.105205 0.570901
28 0.160518 0.544658 0.181582 0.544658 0.181582 0.569477 0.160518 0.569477
12 0.217373 0.543517 0.238428 0.543517 0.238428 0.568328 0.217373 0.568328
13 0.275371 0.542376 0.296436 0.542376 0.296436 0.567188 0.275371 0.567188
20 0.304180 0.542086 0.325244 0.542086 0.325244 0.566904 0.304180 0.566904
6 0.332988 0.541802 0.354043 0.541802 0.354043 0.566613 0.332988 0.566613
28 0.360264 0.541519 0.381318 0.541519 0.381318 0.566330 0.360264 0.566330
8 0.389834 0.539513 0.410898 0.539513 0.410898 0.564331 0.389834 0.564331
28 0.477031 0.539804 0.498086 0.539804 0.498086 0.564615 0.477031 0.564615
16 0.507373 0.539513 0.528438 0.539513 0.528438 0.564331 0.507373 0.564331
20 0.566914 0.538372 0.587969 0.538372 0.587969 0.563183 0.566914 0.563183
29 0.598408 0.538089 0.619473 0.538089 0.619473 0.562900 0.598408 0.562900
24 0.627988 0.536940 0.649043 0.536940 0.649043 0.561759 0.627988 0.561759
13 0.690596 0.537515 0.711660 0.537515 0.711660 0.562326 0.690596 0.562326
29 0.723242 0.537231 0.744307 0.537231 0.744307 0.562042 0.723242 0.562042
21 0.755127 0.537798 0.776191 0.537798 0.776191 0.562616 0.755127 0.562616
51 0.788545 0.538656 0.809600 0.538656 0.809600 0.563474 0.788545 0.563474
9 0.077090 0.617318 0.098145 0.617318 0.098145 0.642129 0.077090 0.642129
2 0.132783 0.616606 0.153838 0.616606 0.153838 0.641417 0.132783 0.641417
16 0.161270 0.616126 0.182334 0.616126 0.182334 0.640945 0.161270 0.640945
26 0.189756 0.615894 0.210820 0.615894 0.210820 0.640705 0.189756 0.640705
36 0.217930 0.616126 0.238984 0.616126 0.238984 0.640945 0.217930 0.640945
29 0.246416 0.615894 0.267480 0.615894 0.267480 0.640705 0.246416 0.640705
20 0.304355 0.616126 0.325410 0.616126 0.325410 0.640945 0.304355 0.640945
