4 0.206504 0.766105 0.226094 0.766105 0.226094 0.790116 0.206504 0.790116
0 0.849961 0.059186 0.869551 0.059186 0.869551 0.083198 0.849961 0.083198
0 0.781426 0.151097 0.801016 0.151097 0.801016 0.175109 0.781426 0.175109
0 0.146777 0.219099 0.166367 0.219099 0.166367 0.243110 0.146777 0.243110
0 0.307588 0.089201 0.327178 0.089201 0.327178 0.113212 0.307588 0.113212
0 0.825371 0.058903 0.844961 0.058903 0.844961 0.082914 0.825371 0.082914
0 0.758672 0.215669 0.778262 0.215669 0.778262 0.239680 0.758672 0.239680
0 0.524160 0.283430 0.543750 0.283430 0.543750 0.307442 0.524160 0.307442
0 0.787275 0.281148 0.806865 0.281148 0.806865 0.305160 0.787275 0.305160
0 0.847793 0.410429 0.867373 0.410429 0.867373 0.434440 0.847793 0.434440
0 0.316396 0.485661 0.335986 0.485661 0.335986 0.509673 0.316396 0.509673
0 0.289785 0.553714 0.309375 0.553714 0.309375 0.577725 0.289785 0.577725
0 0.668135 0.546853 0.687725 0.546853 0.687725 0.570865 0.668135 0.570865
0 0.319229 0.620756 0.338818 0.620756 0.338818 0.644767 0.319229 0.644767
0 0.148301 0.768365 0.167891 0.768365 0.167891 0.792376 0.148301 0.792376
0 0.623262 0.753953 0.642852 0.753953 0.642852 0.777965 0.623262 0.777965
20 0.732734 0.752049 0.752324 0.752049 0.752324 0.776061 0.732734 0.776061
61 0.833926 0.151810 0.853516 0.151810 0.853516 0.175821 0.833926 0.175821
49 0.859209 0.152289 0.878799 0.152289 0.878799 0.176301 0.859209 0.176301
28 0.119502 0.219382 0.139092 0.219382 0.139092 0.243394 0.119502 0.243394
24 0.175205 0.218815 0.194795 0.218815 0.194795 0.242827 0.175205 0.242827
20 0.202471 0.218525 0.222061 0.218525 0.222061 0.242536 0.202471 0.242536
13 0.256631 0.219099 0.276221 0.219099 0.276221 0.243110 0.256631 0.243110
20 0.283906 0.217951 0.303496 0.217951 0.303496 0.241962 0.283906 0.241962
6 0.311563 0.218525 0.331152 0.218525 0.331152 0.242536 0.311563 0.242536
28 0.337295 0.217951 0.356885 0.217951 0.356885 0.241962 0.337295 0.241962
45 0.365332 0.218815 0.384922 0.218815 0.384922 0.242827 0.365332 0.242827
48 0.392607 0.218241 0.412197 0.218241 0.412197 0.242253 0.392607 0.242253
4 0.418730 0.218241 0.438320 0.218241 0.438320 0.242253 0.418730 0.242253
20 0.445615 0.218815 0.465205 0.218815 0.465205 0.242827 0.445615 0.242827
9 0.496699 0.219382 0.516289 0.219382 0.516289 0.243394 0.496699 0.243394
24 0.522822 0.218241 0.542412 0.218241 0.542412 0.242253 0.522822 0.242253
29 0.550098 0.217384 0.569688 0.217384 0.569688 0.241395 0.550098 0.241395
9 0.575830 0.218241 0.595420 0.218241 0.595420 0.242253 0.575830 0.242253
57 0.628838 0.216526 0.648428 0.216526 0.648428 0.240538 0.628838 0.240538
45 0.656113 0.216810 0.675703 0.216810 0.675703 0.240821 0.656113 0.240821
22 0.682617 0.217100 0.702207 0.217100 0.702207 0.241105 0.682617 0.241105
36 0.707969 0.215094 0.727559 0.215094 0.727559 0.239106 0.707969 0.239106
30 0.733320 0.215952 0.752910 0.215952 0.752910 0.239964 0.733320 0.239964
29 0.785557 0.215385 0.805146 0.215385 0.805146 0.239397 0.785557 0.239397
61 0.811289 0.216243 0.830879 0.216243 0.830879 0.240254 0.811289 0.240254
21 0.836641 0.216243 0.856230 0.216243 0.856230 0.240254 0.836641 0.240254
51 0.862764 0.216243 0.882354 0.216243 0.882354 0.240254 0.862764 0.240254
28 0.120078 0.284578 0.139668 0.284578 0.139668 0.308590 0.120078 0.308590
20 0.147354 0.284578 0.166934 0.284578 0.166934 0.308590 0.147354 0.308590
12 0.203428 0.284862 0.223018 0.284862 0.223018 0.308874 0.203428 0.308874
16 0.230703 0.284288 0.250293 0.284288 0.250293 0.308299 0.230703 0.308299
24 0.257969 0.284288 0.277559 0.284288 0.277559 0.308299 0.257969 0.308299
57 0.285625 0.286294 0.305215 0.286294 0.305215 0.310305 0.285625 0.310305
16 0.313281 0.285436 0.332871 0.285436 0.332871 0.309448 0.313281 0.309448
24 0.340176 0.284578 0.359766 0.284578 0.359766 0.308590 0.340176 0.308590
50 0.367061 0.285145 0.386650 0.285145 0.386650 0.309157 0.367061 0.309157
57 0.421221 0.284862 0.440811 0.284862 0.440811 0.308874 0.421221 0.308874
20 0.448496 0.284004 0.468086 0.284004 0.468086 0.308016 0.448496 0.308016
16 0.474609 0.284578 0.494199 0.284578 0.494199 0.308590 0.474609 0.308590
57 0.498809 0.284004 0.518398 0.284004 0.518398 0.308016 0.498809 0.308016
29 0.551436 0.282863 0.571025 0.282863 0.571025 0.306875 0.551436 0.306875
61 0.578711 0.283430 0.598291 0.283430 0.598291 0.307442 0.578711 0.307442
28 0.631719 0.282289 0.651309 0.282289 0.651309 0.306301 0.631719 0.306301
16 0.657832 0.282006 0.677422 0.282006 0.677422 0.306017 0.657832 0.306017
20 0.684717 0.281148 0.704307 0.281148 0.704307 0.305160 0.684717 0.305160
18 0.710840 0.281432 0.730430 0.281432 0.730430 0.305443 0.710840 0.305443
20 0.735811 0.281148 0.755400 0.281148 0.755400 0.305160 0.735811 0.305160
29 0.762314 0.280000 0.781904 0.280000 0.781904 0.304012 0.762314 0.304012
17 0.814170 0.281148 0.833760 0.281148 0.833760 0.305160 0.814170 0.305160
18 0.120371 0.350610 0.139961 0.350610 0.139961 0.374622 0.120371 0.374622
20 0.148945 0.351301 0.168535 0.351301 0.168535 0.375312 0.148945 0.375312
24 0.176602 0.350952 0.196191 0.350952 0.196191 0.374964 0.176602 0.374964
9 0.204717 0.350610 0.224307 0.350610 0.224307 0.374622 0.204717 0.374622
29 0.231914 0.350952 0.251504 0.350952 0.251504 0.374964 0.231914 0.374964
35 0.258652 0.350610 0.278242 0.350610 0.278242 0.374622 0.258652 0.374622
18 0.286309 0.350952 0.305898 0.350952 0.305898 0.374964 0.286309 0.374964
20 0.314492 0.351199 0.334082 0.351199 0.334082 0.375211 0.314492 0.375211
24 0.341064 0.350247 0.360654 0.350247 0.360654 0.374259 0.341064 0.374259
9 0.367949 0.349767 0.387539 0.349767 0.387539 0.373779 0.367949 0.373779
29 0.396758 0.350727 0.416348 0.350727 0.416348 0.374738 0.396758 0.374738
20 0.449580 0.350247 0.469170 0.350247 0.469170 0.374259 0.449580 0.374259
28 0.475508 0.349535 0.495098 0.349535 0.495098 0.373547 0.475508 0.373547
1 0.500469 0.349535 0.520059 0.349535 0.520059 0.373547 0.500469 0.373547
12 0.527354 0.349535 0.546943 0.349535 0.546943 0.373547 0.527354 0.373547
16 0.553926 0.349535 0.573516 0.349535 0.573516 0.373547 0.553926 0.373547
24 0.581133 0.348343 0.600723 0.348343 0.600723 0.372355 0.581133 0.372355
57 0.606738 0.348583 0.626328 0.348583 0.626328 0.372594 0.606738 0.372594
16 0.633945 0.348103 0.653535 0.348103 0.653535 0.372115 0.633945 0.372115
24 0.660518 0.347151 0.680107 0.347151 0.680107 0.371163 0.660518 0.371163
61 0.688682 0.346439 0.708271 0.346439 0.708271 0.370451 0.688682 0.370451
1 0.713018 0.346911 0.732607 0.346911 0.732607 0.370923 0.713018 0.370923
4 0.739258 0.346672 0.758848 0.346672 0.758848 0.370683 0.739258 0.370683
22 0.765186 0.345959 0.784775 0.345959 0.784775 0.369971 0.765186 0.369971
36 0.791758 0.345480 0.811348 0.345480 0.811348 0.369491 0.791758 0.369491
26 0.818008 0.345719 0.837588 0.345719 0.837588 0.369731 0.818008 0.369731
2 0.715586 0.412812 0.735176 0.412812 0.735176 0.436817 0.715586 0.436817
20 0.741836 0.412333 0.761426 0.412333 0.761426 0.436344 0.741836 0.436344
6 0.767441 0.411381 0.787031 0.411381 0.787031 0.435392 0.767441 0.435392
20 0.794336 0.411141 0.813926 0.411141 0.813926 0.435153 0.794336 0.435153
29 0.821221 0.411141 0.840811 0.411141 0.840811 0.435153 0.821221 0.435153
1 0.873076 0.411141 0.892666 0.411141 0.892666 0.435153 0.873076 0.435153
20 0.121270 0.488801 0.140859 0.488801 0.140859 0.512813 0.121270 0.512813
28 0.150078 0.487660 0.169668 0.487660 0.169668 0.511672 0.150078 0.511672
9 0.206152 0.486228 0.225742 0.486228 0.225742 0.510240 0.206152 0.510240
14 0.261855 0.486228 0.281436 0.486228 0.281436 0.510240 0.261855 0.510240
6 0.289502 0.486519 0.309092 0.486519 0.309092 0.510531 0.289502 0.510531
30 0.344814 0.485371 0.364404 0.485371 0.364404 0.509382 0.344814 0.509382
16 0.372471 0.484513 0.392061 0.484513 0.392061 0.508525 0.372471 0.508525
29 0.399365 0.484513 0.418955 0.484513 0.418955 0.508525 0.399365 0.508525
1 0.425098 0.485371 0.444688 0.485371 0.444688 0.509382 0.425098 0.509382
12 0.452754 0.483656 0.472344 0.483656 0.472344 0.507667 0.452754 0.507667
16 0.480791 0.483089 0.500381 0.483089 0.500381 0.507100 0.480791 0.507100
24 0.505762 0.482798 0.525352 0.482798 0.525352 0.506810 0.505762 0.506810
57 0.531113 0.482515 0.550703 0.482515 0.550703 0.506526 0.531113 0.506526
16 0.559150 0.482231 0.578740 0.482231 0.578740 0.506243 0.559150 0.506243
24 0.585273 0.481374 0.604863 0.481374 0.604863 0.505385 0.585273 0.505385
61 0.612158 0.481083 0.631748 0.481083 0.631748 0.505094 0.612158 0.505094
1 0.637510 0.480516 0.657100 0.480516 0.657100 0.504528 0.637510 0.504528
9 0.665937 0.479942 0.685527 0.479942 0.685527 0.503953 0.665937 0.503953
22 0.719326 0.479084 0.738916 0.479084 0.738916 0.503096 0.719326 0.503096
16 0.744297 0.479084 0.763887 0.479084 0.763887 0.503096 0.744297 0.503096
57 0.771563 0.478801 0.791152 0.478801 0.791152 0.502812 0.771563 0.502812
32 0.798457 0.478510 0.818047 0.478510 0.818047 0.502522 0.798457 0.502522
29 0.824189 0.477369 0.843779 0.477369 0.843779 0.501381 0.824189 0.501381
1 0.850693 0.477369 0.870283 0.477369 0.870283 0.501381 0.850693 0.501381
12 0.121924 0.556860 0.141514 0.556860 0.141514 0.580865 0.121924 0.580865
16 0.151504 0.556286 0.171094 0.556286 0.171094 0.580298 0.151504 0.580298
24 0.178770 0.555429 0.198359 0.555429 0.198359 0.579440 0.178770 0.579440
57 0.207197 0.555429 0.226787 0.555429 0.226787 0.579440 0.207197 0.579440
16 0.234854 0.555712 0.254443 0.555712 0.254443 0.579724 0.234854 0.579724
25 0.262510 0.554288 0.282100 0.554288 0.282100 0.578299 0.262510 0.578299
29 0.319355 0.553430 0.338945 0.553430 0.338945 0.577442 0.319355 0.577442
20 0.374287 0.551715 0.393877 0.551715 0.393877 0.575727 0.374287 0.575727
28 0.401943 0.551715 0.421533 0.551715 0.421533 0.575727 0.401943 0.575727
9 0.455723 0.550000 0.475313 0.550000 0.475313 0.574012 0.455723 0.574012
52 0.482607 0.550000 0.502197 0.550000 0.502197 0.574012 0.482607 0.574012
2 0.533311 0.548568 0.552900 0.548568 0.552900 0.572580 0.533311 0.572580
20 0.561348 0.549142 0.580937 0.549142 0.580937 0.573154 0.561348 0.573154
6 0.586699 0.547994 0.606289 0.547994 0.606289 0.572006 0.586699 0.572006
20 0.614355 0.547427 0.633945 0.547427 0.633945 0.571439 0.614355 0.571439
29 0.642393 0.547137 0.661982 0.547137 0.661982 0.571148 0.642393 0.571148
52 0.721143 0.545712 0.740732 0.545712 0.740732 0.569717 0.721143 0.569717
20 0.748799 0.545996 0.768389 0.545996 0.768389 0.570007 0.748799 0.570007
57 0.774531 0.545422 0.794121 0.545422 0.794121 0.569433 0.774531 0.569433
32 0.801416 0.544564 0.821006 0.544564 0.821006 0.568576 0.801416 0.568576
29 0.828691 0.544281 0.848281 0.544281 0.848281 0.568292 0.828691 0.568292
17 0.855576 0.544281 0.875166 0.544281 0.875166 0.568292 0.855576 0.568292
37 0.120566 0.629331 0.140156 0.629331 0.140156 0.653343 0.120566 0.653343
20 0.150068 0.626250 0.169658 0.626250 0.169658 0.650262 0.150068 0.650262
46 0.178184 0.625560 0.197773 0.625560 0.197773 0.649571 0.178184 0.649571
1 0.205840 0.625560 0.225430 0.625560 0.225430 0.649571 0.205840 0.649571
4 0.234414 0.623503 0.254004 0.623503 0.254004 0.647515 0.234414 0.647515
36 0.263457 0.623161 0.283047 0.623161 0.283047 0.647173 0.263457 0.647173
24 0.292031 0.622471 0.311621 0.622471 0.311621 0.646483 0.292031 0.646483
57 0.375918 0.620414 0.395508 0.620414 0.395508 0.644426 0.375918 0.644426
45 0.402656 0.619731 0.422246 0.619731 0.422246 0.643743 0.402656 0.643743
1 0.428926 0.619731 0.448516 0.619731 0.448516 0.643743 0.428926 0.643743
29 0.456338 0.618358 0.475928 0.618358 0.475928 0.642369 0.456338 0.642369
20 0.483867 0.617878 0.503457 0.617878 0.503457 0.641890 0.483867 0.641890
6 0.508838 0.617406 0.528428 0.617406 0.528428 0.641417 0.508838 0.641417
13 0.535723 0.616686 0.555312 0.616686 0.555312 0.640698 0.535723 0.640698
29 0.563252 0.615974 0.582842 0.615974 0.582842 0.639985 0.563252 0.639985
20 0.589502 0.615974 0.609092 0.615974 0.609092 0.639985 0.589502 0.639985
14 0.617354 0.615022 0.636943 0.615022 0.636943 0.639033 0.617354 0.639033
42 0.645195 0.614310 0.664785 0.614310 0.664785 0.638321 0.645195 0.638321
29 0.671768 0.613830 0.691357 0.613830 0.691357 0.637842 0.671768 0.637842
45 0.699297 0.613118 0.718887 0.613118 0.718887 0.637129 0.699297 0.637129
16 0.725537 0.613830 0.745127 0.613830 0.745127 0.637842 0.725537 0.637842
1 0.749551 0.613118 0.769141 0.613118 0.769141 0.637129 0.749551 0.637129
13 0.674844 0.682936 0.694434 0.682936 0.694434 0.706948 0.674844 0.706948
26 0.702051 0.682464 0.721641 0.682464 0.721641 0.706475 0.702051 0.706475
9 0.728301 0.682224 0.747891 0.682224 0.747891 0.706235 0.728301 0.706235
28 0.754873 0.682464 0.774463 0.682464 0.774463 0.706475 0.754873 0.706475
36 0.782402 0.681744 0.801992 0.681744 0.801992 0.705756 0.782402 0.705756
6 0.808643 0.681512 0.828232 0.681512 0.828232 0.705523 0.808643 0.705523
9 0.834893 0.680552 0.854482 0.680552 0.854482 0.704564 0.834893 0.704564
33 0.863066 0.680552 0.882656 0.680552 0.882656 0.704564 0.863066 0.704564
28 0.120645 0.768815 0.140234 0.768815 0.140234 0.792827 0.120645 0.792827
20 0.236270 0.765385 0.255859 0.765385 0.255859 0.789397 0.236270 0.789397
26 0.264756 0.763721 0.284346 0.763721 0.284346 0.787733 0.264756 0.787733
20 0.292607 0.763961 0.312197 0.763961 0.312197 0.787972 0.292607 0.787972
57 0.349580 0.761337 0.369170 0.761337 0.369170 0.785349 0.349580 0.785349
45 0.377432 0.760625 0.397021 0.760625 0.397021 0.784637 0.377432 0.784637
12 0.433125 0.759673 0.452715 0.759673 0.452715 0.783685 0.433125 0.783685
16 0.460654 0.758721 0.480244 0.758721 0.480244 0.782733 0.460654 0.782733
28 0.488506 0.758001 0.508096 0.758001 0.508096 0.782013 0.488506 0.782013
42 0.514111 0.757529 0.533701 0.757529 0.533701 0.781541 0.514111 0.781541
1 0.540361 0.757049 0.559951 0.757049 0.559951 0.781061 0.540361 0.781061
13 0.569482 0.755858 0.589072 0.755858 0.589072 0.779869 0.569482 0.779869
29 0.595732 0.754906 0.615322 0.754906 0.615322 0.778917 0.595732 0.778917
22 0.650791 0.753714 0.670381 0.753714 0.670381 0.777725 0.650791 0.777725
20 0.678320 0.753474 0.697910 0.753474 0.697910 0.777485 0.678320 0.777485
26 0.704883 0.751330 0.724473 0.751330 0.724473 0.775342 0.704883 0.775342
14 0.120322 0.091483 0.139902 0.091483 0.139902 0.115494 0.120322 0.115494
20 0.147803 0.090916 0.167393 0.090916 0.167393 0.114927 0.147803 0.114927
6 0.173916 0.091206 0.193506 0.091206 0.193506 0.115218 0.173916 0.115218
28 0.201572 0.090058 0.221162 0.090058 0.221162 0.114070 0.201572 0.114070
20 0.227695 0.090349 0.247285 0.090349 0.247285 0.114360 0.227695 0.114360
6 0.280322 0.089201 0.299912 0.089201 0.299912 0.113212 0.280322 0.113212
14 0.334863 0.089201 0.354453 0.089201 0.354453 0.113212 0.334863 0.113212
36 0.362139 0.090349 0.381729 0.090349 0.381729 0.114360 0.362139 0.114360
29 0.415908 0.090058 0.435498 0.090058 0.435498 0.114070 0.415908 0.114070
16 0.442031 0.090916 0.461621 0.090916 0.461621 0.114927 0.442031 0.114927
2 0.467383 0.089775 0.486973 0.089775 0.486973 0.113786 0.467383 0.113786
16 0.493115 0.090632 0.512705 0.090632 0.512705 0.114644 0.493115 0.114644
1 0.518086 0.090349 0.537676 0.090349 0.537676 0.114360 0.518086 0.114360
6 0.543818 0.090058 0.563408 0.090058 0.563408 0.114070 0.543818 0.114070
20 0.571094 0.090058 0.590684 0.090058 0.590684 0.114070 0.571094 0.114070
24 0.597207 0.089775 0.616797 0.089775 0.616797 0.113786 0.597207 0.113786
45 0.623711 0.088634 0.643301 0.088634 0.643301 0.112645 0.623711 0.112645
22 0.650215 0.089775 0.669805 0.089775 0.669805 0.113786 0.650215 0.113786
50 0.675957 0.089775 0.695547 0.089775 0.695547 0.113786 0.675957 0.113786
1 0.701309 0.090349 0.720898 0.090349 0.720898 0.114360 0.701309 0.114360
59 0.802715 0.058619 0.822305 0.058619 0.822305 0.082631 0.802715 0.082631
13 0.703320 0.152144 0.722910 0.152144 0.722910 0.176156 0.703320 0.176156
20 0.730215 0.152049 0.749805 0.152049 0.749805 0.176061 0.730215 0.176061
13 0.756455 0.151097 0.776045 0.151097 0.776045 0.175109 0.756455 0.175109
29 0.807998 0.150858 0.827588 0.150858 0.827588 0.174869 0.807998 0.174869
1 0.757705 0.752289 0.777295 0.752289 0.777295 0.776301 0.757705 0.776301
4 0.708828 0.823321 0.728418 0.823321 0.728418 0.847333 0.708828 0.847333
9 0.735713 0.821606 0.755303 0.821606 0.755303 0.845618 0.735713 0.845618
28 0.761836 0.821032 0.781426 0.821032 0.781426 0.845044 0.761836 0.845044
36 0.789111 0.820458 0.808701 0.820458 0.808701 0.844469 0.789111 0.844469
6 0.815615 0.819891 0.835205 0.819891 0.835205 0.843903 0.815615 0.843903
9 0.842119 0.818750 0.861709 0.818750 0.861709 0.842762 0.842119 0.842762
33 0.869385 0.819608 0.888975 0.819608 0.888975 0.843612 0.869385 0.843612
51 0.897041 0.819317 0.916631 0.819317 0.916631 0.843328 0.897041 0.843328
