0 0.583665 0.670773 0.594099 0.670773 0.594099 0.693315 0.583665 0.693315
59 0.480807 0.566878 0.498841 0.566878 0.498841 0.602486 0.480807 0.602486
26 0.500393 0.562735 0.513458 0.562735 0.513458 0.597238 0.500393 0.597238
59 0.458178 0.733149 0.472050 0.733149 0.472050 0.770442 0.458178 0.770442
18 0.474638 0.729779 0.486957 0.729779 0.486957 0.766906 0.474638 0.766906
14 0.670828 0.194751 0.684679 0.194751 0.684679 0.225249 0.670828 0.225249
20 0.691925 0.199171 0.703561 0.199171 0.703561 0.228094 0.691925 0.228094
8 0.596087 0.663481 0.607516 0.663481 0.607516 0.683370 0.596087 0.683370
8 0.677619 0.506436 0.689793 0.506436 0.689793 0.520994 0.677619 0.520994
10 0.640166 0.370442 0.651346 0.370442 0.651346 0.400497 0.640166 0.400497
38 0.608137 0.524807 0.620062 0.524807 0.620062 0.554641 0.608137 0.554641
59 0.374555 0.960276 0.389048 0.960276 0.389048 0.992044 0.374555 0.992044
8 0.392547 0.950276 0.405818 0.950276 0.405818 0.974033 0.392547 0.974033
14 0.848447 0.014641 0.865010 0.014641 0.865010 0.041713 0.848447 0.041713
6 0.719255 0.203729 0.728302 0.203729 0.728302 0.234116 0.719255 0.234116
24 0.671222 0.366989 0.682609 0.366989 0.682609 0.389917 0.671222 0.389917
0 0.724638 0.362569 0.732298 0.362569 0.732298 0.382459 0.724638 0.382459
59 0.540290 0.171602 0.558323 0.171602 0.558323 0.208729 0.540290 0.208729
16 0.560145 0.170939 0.573499 0.170939 0.573499 0.208066 0.560145 0.208066
59 0.508116 0.380580 0.526149 0.380580 0.526149 0.417707 0.508116 0.417707
10 0.527702 0.380580 0.542650 0.380580 0.542650 0.417707 0.527702 0.417707
