28 0.138301 0.530313 0.157393 0.530313 0.157393 0.553372 0.138301 0.553372
59 0.143252 0.111562 0.161816 0.111562 0.161816 0.134666 0.143252 0.134666
0 0.167578 0.111919 0.186143 0.111919 0.186143 0.135022 0.167578 0.135022
8 0.193193 0.110727 0.211758 0.110727 0.211758 0.133830 0.193193 0.133830
9 0.142754 0.143394 0.161318 0.143394 0.161318 0.163953 0.142754 0.163953
4 0.192998 0.142769 0.211562 0.142769 0.211562 0.164520 0.192998 0.164520
2 0.244746 0.142565 0.263311 0.142565 0.263311 0.164317 0.244746 0.164317
20 0.270352 0.141969 0.288926 0.141969 0.288926 0.163721 0.270352 0.163721
6 0.296768 0.141773 0.315332 0.141773 0.315332 0.163525 0.296768 0.163525
61 0.323174 0.141773 0.341738 0.141773 0.341738 0.163525 0.323174 0.163525
48 0.348779 0.141177 0.367344 0.141177 0.367344 0.162929 0.348779 0.162929
20 0.374922 0.141177 0.393486 0.141177 0.393486 0.162929 0.374922 0.162929
46 0.401592 0.140581 0.420156 0.140581 0.420156 0.162333 0.401592 0.162333
22 0.452813 0.139789 0.471377 0.139789 0.471377 0.161541 0.452813 0.161541
16 0.479219 0.139193 0.497783 0.139193 0.497783 0.160945 0.479219 0.160945
4 0.505625 0.139586 0.524189 0.139586 0.524189 0.161344 0.505625 0.161344
16 0.532031 0.138198 0.550596 0.138198 0.550596 0.159949 0.532031 0.159949
14 0.141221 0.206926 0.159785 0.206926 0.159785 0.228677 0.141221 0.228677
20 0.167793 0.207645 0.186357 0.207645 0.186357 0.229397 0.167793 0.229397
2 0.191475 0.205734 0.210039 0.205734 0.210039 0.227485 0.191475 0.227485
16 0.218682 0.205262 0.237246 0.205262 0.237246 0.227013 0.218682 0.227013
25 0.244453 0.205501 0.263018 0.205501 0.263018 0.227253 0.244453 0.227253
0 0.269795 0.205102 0.288359 0.205102 0.288359 0.226853 0.269795 0.226853
6 0.296729 0.205501 0.315293 0.205501 0.315293 0.227253 0.296729 0.227253
12 0.349277 0.204898 0.367842 0.204898 0.367842 0.226657 0.349277 0.226657
16 0.375684 0.205501 0.394258 0.205501 0.394258 0.227253 0.375684 0.227253
24 0.401562 0.203910 0.420127 0.203910 0.420127 0.225661 0.401562 0.225661
57 0.427168 0.204310 0.445732 0.204310 0.445732 0.226061 0.427168 0.226061
16 0.453311 0.204310 0.471875 0.204310 0.471875 0.226061 0.453311 0.226061
24 0.479990 0.202718 0.498555 0.202718 0.498555 0.224469 0.479990 0.224469
61 0.505859 0.203714 0.524424 0.203714 0.524424 0.225465 0.505859 0.225465
49 0.532803 0.205102 0.551367 0.205102 0.551367 0.226853 0.532803 0.226853
0 0.139775 0.269222 0.158340 0.269222 0.158340 0.290974 0.139775 0.290974
57 0.191816 0.270879 0.210381 0.270879 0.210381 0.292631 0.191816 0.292631
2 0.243564 0.270080 0.262129 0.270080 0.262129 0.291831 0.243564 0.291831
20 0.269971 0.270283 0.288535 0.270283 0.288535 0.292035 0.269971 0.292035
6 0.296641 0.269687 0.315205 0.269687 0.315205 0.291439 0.296641 0.291439
61 0.323047 0.270080 0.341621 0.270080 0.341621 0.291831 0.323047 0.291831
48 0.348926 0.270283 0.367490 0.270283 0.367490 0.292035 0.348926 0.292035
20 0.374795 0.269687 0.393369 0.269687 0.393369 0.291439 0.374795 0.291439
46 0.401475 0.268895 0.420039 0.268895 0.420039 0.290647 0.401475 0.290647
22 0.452686 0.268299 0.471250 0.268299 0.471250 0.290051 0.452686 0.290051
16 0.479365 0.268496 0.497930 0.268496 0.497930 0.290247 0.479365 0.290247
4 0.506572 0.268895 0.525137 0.268895 0.525137 0.290647 0.506572 0.290647
16 0.533242 0.267703 0.551807 0.267703 0.551807 0.289455 0.533242 0.289455
4 0.141016 0.335480 0.159580 0.335480 0.159580 0.357238 0.141016 0.357238
22 0.166885 0.335879 0.185449 0.335879 0.185449 0.357631 0.166885 0.357631
20 0.191963 0.334891 0.210527 0.334891 0.210527 0.356642 0.191963 0.356642
4 0.217305 0.335087 0.235869 0.335087 0.235869 0.356839 0.217305 0.356839
20 0.244248 0.333699 0.262813 0.333699 0.262813 0.355451 0.244248 0.355451
24 0.271455 0.334891 0.290020 0.334891 0.290020 0.356642 0.271455 0.356642
9 0.296523 0.334288 0.315088 0.334288 0.315088 0.356047 0.296523 0.356047
6 0.322402 0.334092 0.340967 0.334092 0.340967 0.355843 0.322402 0.355843
6 0.139648 0.400313 0.158213 0.400313 0.158213 0.422064 0.139648 0.422064
16 0.166582 0.400509 0.185156 0.400509 0.185156 0.422260 0.166582 0.422260
25 0.191123 0.399717 0.209687 0.399717 0.209687 0.421468 0.191123 0.421468
9 0.217266 0.398525 0.236357 0.398525 0.236357 0.420276 0.217266 0.420276
29 0.243682 0.400509 0.262764 0.400509 0.262764 0.422260 0.243682 0.422260
1 0.269023 0.400109 0.288105 0.400109 0.288105 0.421860 0.269023 0.421860
9 0.139199 0.464462 0.158291 0.464462 0.158291 0.486214 0.139199 0.486214
57 0.190771 0.464964 0.209863 0.464964 0.209863 0.486715 0.190771 0.486715
52 0.243008 0.464462 0.262100 0.464462 0.262100 0.486875 0.243008 0.486875
36 0.269912 0.464971 0.288994 0.464971 0.288994 0.488038 0.269912 0.488038
2 0.296582 0.463474 0.315674 0.463474 0.315674 0.486541 0.296582 0.486541
0 0.323037 0.463808 0.342119 0.463808 0.342119 0.486875 0.323037 0.486875
18 0.349707 0.463474 0.368799 0.463474 0.368799 0.486541 0.349707 0.486541
16 0.401943 0.463641 0.421035 0.463641 0.421035 0.486708 0.401943 0.486708
26 0.427070 0.462980 0.446152 0.462980 0.446152 0.486047 0.427070 0.486047
20 0.453291 0.463641 0.472383 0.463641 0.472383 0.486708 0.453291 0.486708
16 0.164443 0.530313 0.183535 0.530313 0.183535 0.553372 0.164443 0.553372
20 0.216191 0.529317 0.235283 0.529317 0.235283 0.552384 0.216191 0.552384
26 0.243672 0.528917 0.262754 0.528917 0.262754 0.551984 0.243672 0.551984
20 0.269277 0.529717 0.288359 0.529717 0.288359 0.552776 0.269277 0.552776
28 0.296221 0.529717 0.315303 0.529717 0.315303 0.552776 0.296221 0.552776
61 0.322627 0.529717 0.341709 0.529717 0.341709 0.552776 0.322627 0.552776
26 0.375977 0.528721 0.395059 0.528721 0.395059 0.551788 0.375977 0.551788
20 0.401582 0.529121 0.420664 0.529121 0.420664 0.552180 0.401582 0.552180
22 0.427187 0.528525 0.446279 0.528525 0.446279 0.551584 0.427187 0.551584
9 0.452793 0.528125 0.471885 0.528125 0.471885 0.551192 0.452793 0.551192
29 0.480537 0.528721 0.499619 0.528721 0.499619 0.551788 0.480537 0.551788
1 0.505879 0.528321 0.524961 0.528321 0.524961 0.551388 0.505879 0.551388
35 0.533066 0.528874 0.552148 0.528874 0.552148 0.551933 0.533066 0.551933
13 0.136768 0.595523 0.155850 0.595523 0.155850 0.618590 0.136768 0.618590
20 0.163564 0.596352 0.182656 0.596352 0.182656 0.619411 0.163564 0.619411
6 0.187305 0.595356 0.206396 0.595356 0.206396 0.618423 0.187305 0.618423
28 0.216113 0.595560 0.235205 0.595560 0.235205 0.618619 0.216113 0.618619
8 0.241992 0.595160 0.261074 0.595160 0.261074 0.618219 0.241992 0.618219
16 0.269463 0.595160 0.288555 0.595160 0.288555 0.618219 0.269463 0.618219
4 0.322813 0.595356 0.341895 0.595356 0.341895 0.618423 0.322813 0.618423
22 0.348682 0.595160 0.367773 0.595160 0.367773 0.618219 0.348682 0.618219
0 0.375098 0.594964 0.394180 0.594964 0.394180 0.618023 0.375098 0.618023
13 0.401504 0.594964 0.420586 0.594964 0.420586 0.618023 0.401504 0.618023
28 0.427373 0.594368 0.446465 0.594368 0.446465 0.617427 0.427373 0.617427
20 0.452988 0.594564 0.472070 0.594564 0.472070 0.617631 0.452988 0.617631
16 0.480459 0.594164 0.499541 0.594164 0.499541 0.617231 0.480459 0.617231
1 0.506064 0.594564 0.525156 0.594564 0.525156 0.617631 0.506064 0.617631
13 0.136855 0.661512 0.155947 0.661512 0.155947 0.684578 0.136855 0.684578
20 0.162412 0.661083 0.181494 0.661083 0.181494 0.684142 0.162412 0.684142
6 0.187480 0.660887 0.206572 0.660887 0.206572 0.683946 0.187480 0.683946
28 0.214688 0.661083 0.233779 0.661083 0.233779 0.684142 0.214688 0.684142
8 0.242969 0.660087 0.262051 0.660087 0.262051 0.683154 0.242969 0.683154
16 0.268838 0.660087 0.287930 0.660087 0.287930 0.683154 0.268838 0.683154
4 0.320586 0.660887 0.339678 0.660887 0.339678 0.683946 0.320586 0.683946
22 0.348066 0.660887 0.367148 0.660887 0.367148 0.683946 0.348066 0.683946
0 0.374736 0.660683 0.393828 0.660683 0.393828 0.683750 0.374736 0.683750
24 0.401680 0.659891 0.420771 0.659891 0.420771 0.682958 0.401680 0.682958
16 0.426484 0.659491 0.445576 0.659491 0.445576 0.682558 0.426484 0.682558
28 0.453965 0.660291 0.473047 0.660291 0.473047 0.683350 0.453965 0.683350
20 0.480371 0.660487 0.499453 0.660487 0.499453 0.683554 0.480371 0.683554
16 0.507578 0.660291 0.526660 0.660291 0.526660 0.683350 0.507578 0.683350
49 0.534248 0.662071 0.553340 0.662071 0.553340 0.685138 0.534248 0.685138
14 0.136084 0.728968 0.155166 0.728968 0.155166 0.752035 0.136084 0.752035
20 0.162490 0.728576 0.181572 0.728576 0.181572 0.751635 0.162490 0.751635
24 0.187031 0.728576 0.206113 0.728576 0.206113 0.751635 0.187031 0.751635
20 0.213701 0.728772 0.232793 0.728772 0.232793 0.751839 0.213701 0.751839
48 0.241182 0.728968 0.260264 0.728968 0.260264 0.752035 0.241182 0.752035
32 0.266787 0.728772 0.288037 0.728772 0.288037 0.751839 0.266787 0.751839
6 0.294795 0.727980 0.313877 0.727980 0.313877 0.752035 0.294795 0.752035
12 0.347871 0.728677 0.366963 0.728677 0.366963 0.752733 0.347871 0.752733
16 0.374814 0.728474 0.393906 0.728474 0.393906 0.752529 0.374814 0.752529
24 0.400957 0.727682 0.420049 0.727682 0.420049 0.751737 0.400957 0.751737
57 0.427900 0.728474 0.446982 0.728474 0.446982 0.752529 0.427900 0.752529
16 0.453506 0.728278 0.472598 0.728278 0.472598 0.752333 0.453506 0.752333
24 0.480449 0.728081 0.499531 0.728081 0.499531 0.752137 0.480449 0.752137
61 0.507920 0.728488 0.527012 0.728488 0.527012 0.753328 0.507920 0.753328
29 0.562070 0.728677 0.581162 0.728677 0.581162 0.752733 0.562070 0.752733
9 0.588477 0.728874 0.607568 0.728874 0.607568 0.752929 0.588477 0.752929
18 0.615957 0.729273 0.635039 0.729273 0.635039 0.753328 0.615957 0.753328
20 0.642363 0.729070 0.661445 0.729070 0.661445 0.753125 0.642363 0.753125
28 0.669834 0.730458 0.688926 0.730458 0.688926 0.754513 0.669834 0.754513
61 0.697842 0.730661 0.716934 0.730661 0.716934 0.754717 0.697842 0.754717
4 0.723984 0.729862 0.743076 0.729862 0.743076 0.753917 0.723984 0.753917
20 0.752529 0.731054 0.771611 0.731054 0.771611 0.755109 0.752529 0.755109
1 0.778398 0.730661 0.797490 0.730661 0.797490 0.754717 0.778398 0.754717
29 0.135205 0.795807 0.154297 0.795807 0.154297 0.819862 0.135205 0.819862
20 0.161611 0.796199 0.180703 0.796199 0.180703 0.820254 0.161611 0.820254
6 0.186689 0.795603 0.205771 0.795603 0.205771 0.819658 0.186689 0.819658
4 0.213096 0.795807 0.232187 0.795807 0.232187 0.819862 0.213096 0.819862
0 0.240039 0.796199 0.259121 0.796199 0.259121 0.820254 0.240039 0.820254
28 0.267246 0.795807 0.286338 0.795807 0.286338 0.819862 0.267246 0.819862
36 0.294717 0.795807 0.313809 0.795807 0.313809 0.819862 0.294717 0.819862
6 0.320596 0.796599 0.339678 0.796599 0.339678 0.820654 0.320596 0.820654
16 0.375273 0.796395 0.394365 0.796395 0.394365 0.820451 0.375273 0.820451
26 0.400889 0.796199 0.419971 0.796199 0.419971 0.820254 0.400889 0.820254
20 0.427295 0.796199 0.446377 0.796199 0.446377 0.820254 0.427295 0.820254
6 0.480645 0.796795 0.499727 0.796795 0.499727 0.820850 0.480645 0.820850
16 0.508379 0.796991 0.527471 0.796991 0.527471 0.821047 0.508379 0.821047
26 0.535322 0.796199 0.554414 0.796199 0.554414 0.820254 0.535322 0.820254
20 0.562529 0.797391 0.581621 0.797391 0.581621 0.821446 0.562529 0.821446
28 0.589209 0.797587 0.608291 0.797587 0.608291 0.821642 0.589209 0.821642
61 0.616943 0.798183 0.636035 0.798183 0.636035 0.822238 0.616943 0.822238
4 0.642822 0.798387 0.661914 0.798387 0.661914 0.822442 0.642822 0.822442
20 0.670029 0.798983 0.689121 0.798983 0.689121 0.823038 0.670029 0.823038
17 0.698037 0.798583 0.717129 0.798583 0.717129 0.822638 0.698037 0.822638
37 0.135615 0.862892 0.154707 0.862892 0.154707 0.886948 0.135615 0.886948
26 0.161865 0.863612 0.180947 0.863612 0.180947 0.887667 0.161865 0.887667
20 0.187080 0.863110 0.206162 0.863110 0.206162 0.887166 0.187080 0.887166
57 0.214639 0.863445 0.233730 0.863445 0.233730 0.887500 0.214639 0.887500
20 0.240205 0.863110 0.259297 0.863110 0.259297 0.887166 0.240205 0.887166
22 0.266660 0.863445 0.285742 0.863445 0.285742 0.887500 0.266660 0.887500
50 0.294219 0.863445 0.313311 0.863445 0.313311 0.887500 0.294219 0.887500
29 0.348018 0.863445 0.367100 0.863445 0.367100 0.887500 0.348018 0.887500
16 0.374688 0.863278 0.393779 0.863278 0.393779 0.887333 0.374688 0.887333
2 0.400254 0.863939 0.419336 0.863939 0.419336 0.887994 0.400254 0.887994
16 0.426484 0.864106 0.445566 0.864106 0.445566 0.888161 0.426484 0.888161
1 0.453154 0.864433 0.472246 0.864433 0.472246 0.888488 0.453154 0.888488
52 0.481611 0.865262 0.500693 0.865262 0.500693 0.889317 0.481611 0.889317
6 0.508281 0.864935 0.527373 0.864935 0.527373 0.888990 0.508281 0.888990
20 0.535850 0.865923 0.554932 0.865923 0.554932 0.889978 0.535850 0.889978
24 0.562969 0.864767 0.582051 0.864767 0.582051 0.888823 0.562969 0.888823
16 0.590303 0.865596 0.609395 0.865596 0.609395 0.889651 0.590303 0.889651
46 0.617646 0.867086 0.636738 0.867086 0.636738 0.891141 0.617646 0.891141
1 0.643652 0.866919 0.662744 0.866919 0.662744 0.890974 0.643652 0.890974
