24 0.273471 0.735498 0.295813 0.735498 0.295813 0.776043 0.273471 0.776043
9 0.302733 0.735498 0.325076 0.735498 0.325076 0.776043 0.302733 0.776043
13 0.333774 0.736445 0.356117 0.736445 0.356117 0.777014 0.333774 0.777014
0 0.364794 0.734550 0.387137 0.734550 0.387137 0.775095 0.364794 0.775095
2 0.395380 0.734550 0.417722 0.734550 0.417722 0.775095 0.395380 0.775095
6 0.427289 0.736919 0.449631 0.736919 0.449631 0.777488 0.427289 0.777488
16 0.457440 0.735972 0.479783 0.735972 0.479783 0.776517 0.457440 0.776517
24 0.488460 0.734550 0.510803 0.734550 0.510803 0.775095 0.488460 0.775095
31 0.552256 0.737393 0.574599 0.737393 0.574599 0.777962 0.552256 0.777962
0 0.578460 0.736445 0.600803 0.736445 0.600803 0.777014 0.578460 0.777014
8 0.611236 0.735498 0.633579 0.735498 0.633579 0.776043 0.611236 0.776043
8 0.643579 0.735498 0.665922 0.735498 0.665922 0.776043 0.643579 0.776043
16 0.673297 0.737441 0.695640 0.737441 0.695640 0.775095 0.673297 0.775095
13 0.705184 0.736445 0.727527 0.736445 0.727527 0.777014 0.705184 0.777014
13 0.737093 0.736919 0.759436 0.736919 0.759436 0.777488 0.737093 0.777488
31 0.241584 0.736137 0.263926 0.736137 0.263926 0.776682 0.241584 0.776682
